
spin     GLY_4
M1 tloc  0.0   0   2       0.000      20.000 20  
M1 Theta 0.0   0   2       0.000      90.000 20  
M1 Sf2   1.0   0   2       0.000       1.000 20  
M1 Ss2   1.0   1   2       0.000       1.000 20  
M1 te    0.0   0   2       0.000   10000.000 20  
M1 Rex   0.0   1   -1      0.000      20.000 20  

M2 tloc  0.0   0   2       0.000      20.000 20  
M2 Theta 0.0   0   2       0.000      90.000 20  
M2 Sf2   1.0   0   2       0.000       1.000 20  
M2 Ss2   1.0   1   2       0.000       1.000 20  
M2 te    0.0   1   2       0.000   10000.000 20  
M2 Rex   0.0   1   -1      0.000      20.000 20  

spin     SER_5
M1 tloc  0.0   0   2       0.000      20.000 20  
M1 Theta 0.0   0   2       0.000      90.000 20  
M1 Sf2   1.0   0   2       0.000       1.000 20  
M1 Ss2   1.0   1   2       0.000       1.000 20  
M1 te    0.0   0   2       0.000   10000.000 20  
M1 Rex   0.0   1   -1      0.000      20.000 20  

M2 tloc  0.0   0   2       0.000      20.000 20  
M2 Theta 0.0   0   2       0.000      90.000 20  
M2 Sf2   1.0   0   2       0.000       1.000 20  
M2 Ss2   1.0   1   2       0.000       1.000 20  
M2 te    0.0   1   2       0.000   10000.000 20  
M2 Rex   0.0   1   -1      0.000      20.000 20  

spin     MET_6
M1 tloc  0.0   0   2       0.000      20.000 20  
M1 Theta 0.0   0   2       0.000      90.000 20  
M1 Sf2   1.0   0   2       0.000       1.000 20  
M1 Ss2   1.0   1   2       0.000       1.000 20  
M1 te    0.0   0   2       0.000   10000.000 20  
M1 Rex   0.0   1   -1      0.000      20.000 20  

M2 tloc  0.0   0   2       0.000      20.000 20  
M2 Theta 0.0   0   2       0.000      90.000 20  
M2 Sf2   1.0   0   2       0.000       1.000 20  
M2 Ss2   1.0   1   2       0.000       1.000 20  
M2 te    0.0   1   2       0.000   10000.000 20  
M2 Rex   0.0   1   -1      0.000      20.000 20  

spin     ASP_7
M1 tloc  0.0   0   2       0.000      20.000 20  
M1 Theta 0.0   0   2       0.000      90.000 20  
M1 Sf2   1.0   0   2       0.000       1.000 20  
M1 Ss2   1.0   1   2       0.000       1.000 20  
M1 te    0.0   0   2       0.000   10000.000 20  
M1 Rex   0.0   1   -1      0.000      20.000 20  

M2 tloc  0.0   0   2       0.000      20.000 20  
M2 Theta 0.0   0   2       0.000      90.000 20  
M2 Sf2   1.0   0   2       0.000       1.000 20  
M2 Ss2   1.0   1   2       0.000       1.000 20  
M2 te    0.0   1   2       0.000   10000.000 20  
M2 Rex   0.0   1   -1      0.000      20.000 20  

spin     SER_8
M1 tloc  0.0   0   2       0.000      20.000 20  
M1 Theta 0.0   0   2       0.000      90.000 20  
M1 Sf2   1.0   0   2       0.000       1.000 20  
M1 Ss2   1.0   1   2       0.000       1.000 20  
M1 te    0.0   0   2       0.000   10000.000 20  
M1 Rex   0.0   1   -1      0.000      20.000 20  

M2 tloc  0.0   0   2       0.000      20.000 20  
M2 Theta 0.0   0   2       0.000      90.000 20  
M2 Sf2   1.0   0   2       0.000       1.000 20  
M2 Ss2   1.0   1   2       0.000       1.000 20  
M2 te    0.0   1   2       0.000   10000.000 20  
M2 Rex   0.0   1   -1      0.000      20.000 20  

spin     GLY_12
M1 tloc  0.0   0   2       0.000      20.000 20  
M1 Theta 0.0   0   2       0.000      90.000 20  
M1 Sf2   1.0   0   2       0.000       1.000 20  
M1 Ss2   1.0   1   2       0.000       1.000 20  
M1 te    0.0   0   2       0.000   10000.000 20  
M1 Rex   0.0   1   -1      0.000      20.000 20  

M2 tloc  0.0   0   2       0.000      20.000 20  
M2 Theta 0.0   0   2       0.000      90.000 20  
M2 Sf2   1.0   0   2       0.000       1.000 20  
M2 Ss2   1.0   1   2       0.000       1.000 20  
M2 te    0.0   1   2       0.000   10000.000 20  
M2 Rex   0.0   1   -1      0.000      20.000 20  

spin     TYR_13
M1 tloc  0.0   0   2       0.000      20.000 20  
M1 Theta 0.0   0   2       0.000      90.000 20  
M1 Sf2   1.0   0   2       0.000       1.000 20  
M1 Ss2   1.0   1   2       0.000       1.000 20  
M1 te    0.0   0   2       0.000   10000.000 20  
M1 Rex   0.0   1   -1      0.000      20.000 20  

M2 tloc  0.0   0   2       0.000      20.000 20  
M2 Theta 0.0   0   2       0.000      90.000 20  
M2 Sf2   1.0   0   2       0.000       1.000 20  
M2 Ss2   1.0   1   2       0.000       1.000 20  
M2 te    0.0   1   2       0.000   10000.000 20  
M2 Rex   0.0   1   -1      0.000      20.000 20  

spin     ARG_14
M1 tloc  0.0   0   2       0.000      20.000 20  
M1 Theta 0.0   0   2       0.000      90.000 20  
M1 Sf2   1.0   0   2       0.000       1.000 20  
M1 Ss2   1.0   1   2       0.000       1.000 20  
M1 te    0.0   0   2       0.000   10000.000 20  
M1 Rex   0.0   1   -1      0.000      20.000 20  

M2 tloc  0.0   0   2       0.000      20.000 20  
M2 Theta 0.0   0   2       0.000      90.000 20  
M2 Sf2   1.0   0   2       0.000       1.000 20  
M2 Ss2   1.0   1   2       0.000       1.000 20  
M2 te    0.0   1   2       0.000   10000.000 20  
M2 Rex   0.0   1   -1      0.000      20.000 20  

spin     ARG_15
M1 tloc  0.0   0   2       0.000      20.000 20  
M1 Theta 0.0   0   2       0.000      90.000 20  
M1 Sf2   1.0   0   2       0.000       1.000 20  
M1 Ss2   1.0   1   2       0.000       1.000 20  
M1 te    0.0   0   2       0.000   10000.000 20  
M1 Rex   0.0   1   -1      0.000      20.000 20  

M2 tloc  0.0   0   2       0.000      20.000 20  
M2 Theta 0.0   0   2       0.000      90.000 20  
M2 Sf2   1.0   0   2       0.000       1.000 20  
M2 Ss2   1.0   1   2       0.000       1.000 20  
M2 te    0.0   1   2       0.000   10000.000 20  
M2 Rex   0.0   1   -1      0.000      20.000 20  

spin     ASN_16
M1 tloc  0.0   0   2       0.000      20.000 20  
M1 Theta 0.0   0   2       0.000      90.000 20  
M1 Sf2   1.0   0   2       0.000       1.000 20  
M1 Ss2   1.0   1   2       0.000       1.000 20  
M1 te    0.0   0   2       0.000   10000.000 20  
M1 Rex   0.0   1   -1      0.000      20.000 20  

M2 tloc  0.0   0   2       0.000      20.000 20  
M2 Theta 0.0   0   2       0.000      90.000 20  
M2 Sf2   1.0   0   2       0.000       1.000 20  
M2 Ss2   1.0   1   2       0.000       1.000 20  
M2 te    0.0   1   2       0.000   10000.000 20  
M2 Rex   0.0   1   -1      0.000      20.000 20  

spin     VAL_17
M1 tloc  0.0   0   2       0.000      20.000 20  
M1 Theta 0.0   0   2       0.000      90.000 20  
M1 Sf2   1.0   0   2       0.000       1.000 20  
M1 Ss2   1.0   1   2       0.000       1.000 20  
M1 te    0.0   0   2       0.000   10000.000 20  
M1 Rex   0.0   1   -1      0.000      20.000 20  

M2 tloc  0.0   0   2       0.000      20.000 20  
M2 Theta 0.0   0   2       0.000      90.000 20  
M2 Sf2   1.0   0   2       0.000       1.000 20  
M2 Ss2   1.0   1   2       0.000       1.000 20  
M2 te    0.0   1   2       0.000   10000.000 20  
M2 Rex   0.0   1   -1      0.000      20.000 20  

spin     CYS_20
M1 tloc  0.0   0   2       0.000      20.000 20  
M1 Theta 0.0   0   2       0.000      90.000 20  
M1 Sf2   1.0   0   2       0.000       1.000 20  
M1 Ss2   1.0   1   2       0.000       1.000 20  
M1 te    0.0   0   2       0.000   10000.000 20  
M1 Rex   0.0   1   -1      0.000      20.000 20  

M2 tloc  0.0   0   2       0.000      20.000 20  
M2 Theta 0.0   0   2       0.000      90.000 20  
M2 Sf2   1.0   0   2       0.000       1.000 20  
M2 Ss2   1.0   1   2       0.000       1.000 20  
M2 te    0.0   1   2       0.000   10000.000 20  
M2 Rex   0.0   1   -1      0.000      20.000 20  

spin     LEU_21
M1 tloc  0.0   0   2       0.000      20.000 20  
M1 Theta 0.0   0   2       0.000      90.000 20  
M1 Sf2   1.0   0   2       0.000       1.000 20  
M1 Ss2   1.0   1   2       0.000       1.000 20  
M1 te    0.0   0   2       0.000   10000.000 20  
M1 Rex   0.0   1   -1      0.000      20.000 20  

M2 tloc  0.0   0   2       0.000      20.000 20  
M2 Theta 0.0   0   2       0.000      90.000 20  
M2 Sf2   1.0   0   2       0.000       1.000 20  
M2 Ss2   1.0   1   2       0.000       1.000 20  
M2 te    0.0   1   2       0.000   10000.000 20  
M2 Rex   0.0   1   -1      0.000      20.000 20  

spin     MET_22
M1 tloc  0.0   0   2       0.000      20.000 20  
M1 Theta 0.0   0   2       0.000      90.000 20  
M1 Sf2   1.0   0   2       0.000       1.000 20  
M1 Ss2   1.0   1   2       0.000       1.000 20  
M1 te    0.0   0   2       0.000   10000.000 20  
M1 Rex   0.0   1   -1      0.000      20.000 20  

M2 tloc  0.0   0   2       0.000      20.000 20  
M2 Theta 0.0   0   2       0.000      90.000 20  
M2 Sf2   1.0   0   2       0.000       1.000 20  
M2 Ss2   1.0   1   2       0.000       1.000 20  
M2 te    0.0   1   2       0.000   10000.000 20  
M2 Rex   0.0   1   -1      0.000      20.000 20  

spin     ASN_24
M1 tloc  0.0   0   2       0.000      20.000 20  
M1 Theta 0.0   0   2       0.000      90.000 20  
M1 Sf2   1.0   0   2       0.000       1.000 20  
M1 Ss2   1.0   1   2       0.000       1.000 20  
M1 te    0.0   0   2       0.000   10000.000 20  
M1 Rex   0.0   1   -1      0.000      20.000 20  

M2 tloc  0.0   0   2       0.000      20.000 20  
M2 Theta 0.0   0   2       0.000      90.000 20  
M2 Sf2   1.0   0   2       0.000       1.000 20  
M2 Ss2   1.0   1   2       0.000       1.000 20  
M2 te    0.0   1   2       0.000   10000.000 20  
M2 Rex   0.0   1   -1      0.000      20.000 20  

spin     ASP_25
M1 tloc  0.0   0   2       0.000      20.000 20  
M1 Theta 0.0   0   2       0.000      90.000 20  
M1 Sf2   1.0   0   2       0.000       1.000 20  
M1 Ss2   1.0   1   2       0.000       1.000 20  
M1 te    0.0   0   2       0.000   10000.000 20  
M1 Rex   0.0   1   -1      0.000      20.000 20  

M2 tloc  0.0   0   2       0.000      20.000 20  
M2 Theta 0.0   0   2       0.000      90.000 20  
M2 Sf2   1.0   0   2       0.000       1.000 20  
M2 Ss2   1.0   1   2       0.000       1.000 20  
M2 te    0.0   1   2       0.000   10000.000 20  
M2 Rex   0.0   1   -1      0.000      20.000 20  

spin     LYS_26
M1 tloc  0.0   0   2       0.000      20.000 20  
M1 Theta 0.0   0   2       0.000      90.000 20  
M1 Sf2   1.0   0   2       0.000       1.000 20  
M1 Ss2   1.0   1   2       0.000       1.000 20  
M1 te    0.0   0   2       0.000   10000.000 20  
M1 Rex   0.0   1   -1      0.000      20.000 20  

M2 tloc  0.0   0   2       0.000      20.000 20  
M2 Theta 0.0   0   2       0.000      90.000 20  
M2 Sf2   1.0   0   2       0.000       1.000 20  
M2 Ss2   1.0   1   2       0.000       1.000 20  
M2 te    0.0   1   2       0.000   10000.000 20  
M2 Rex   0.0   1   -1      0.000      20.000 20  

spin     LYS_27
M1 tloc  0.0   0   2       0.000      20.000 20  
M1 Theta 0.0   0   2       0.000      90.000 20  
M1 Sf2   1.0   0   2       0.000       1.000 20  
M1 Ss2   1.0   1   2       0.000       1.000 20  
M1 te    0.0   0   2       0.000   10000.000 20  
M1 Rex   0.0   1   -1      0.000      20.000 20  

M2 tloc  0.0   0   2       0.000      20.000 20  
M2 Theta 0.0   0   2       0.000      90.000 20  
M2 Sf2   1.0   0   2       0.000       1.000 20  
M2 Ss2   1.0   1   2       0.000       1.000 20  
M2 te    0.0   1   2       0.000   10000.000 20  
M2 Rex   0.0   1   -1      0.000      20.000 20  

spin     ILE_28
M1 tloc  0.0   0   2       0.000      20.000 20  
M1 Theta 0.0   0   2       0.000      90.000 20  
M1 Sf2   1.0   0   2       0.000       1.000 20  
M1 Ss2   1.0   1   2       0.000       1.000 20  
M1 te    0.0   0   2       0.000   10000.000 20  
M1 Rex   0.0   1   -1      0.000      20.000 20  

M2 tloc  0.0   0   2       0.000      20.000 20  
M2 Theta 0.0   0   2       0.000      90.000 20  
M2 Sf2   1.0   0   2       0.000       1.000 20  
M2 Ss2   1.0   1   2       0.000       1.000 20  
M2 te    0.0   1   2       0.000   10000.000 20  
M2 Rex   0.0   1   -1      0.000      20.000 20  

spin     PHE_29
M1 tloc  0.0   0   2       0.000      20.000 20  
M1 Theta 0.0   0   2       0.000      90.000 20  
M1 Sf2   1.0   0   2       0.000       1.000 20  
M1 Ss2   1.0   1   2       0.000       1.000 20  
M1 te    0.0   0   2       0.000   10000.000 20  
M1 Rex   0.0   1   -1      0.000      20.000 20  

M2 tloc  0.0   0   2       0.000      20.000 20  
M2 Theta 0.0   0   2       0.000      90.000 20  
M2 Sf2   1.0   0   2       0.000       1.000 20  
M2 Ss2   1.0   1   2       0.000       1.000 20  
M2 te    0.0   1   2       0.000   10000.000 20  
M2 Rex   0.0   1   -1      0.000      20.000 20  

spin     ALA_30
M1 tloc  0.0   0   2       0.000      20.000 20  
M1 Theta 0.0   0   2       0.000      90.000 20  
M1 Sf2   1.0   0   2       0.000       1.000 20  
M1 Ss2   1.0   1   2       0.000       1.000 20  
M1 te    0.0   0   2       0.000   10000.000 20  
M1 Rex   0.0   1   -1      0.000      20.000 20  

M2 tloc  0.0   0   2       0.000      20.000 20  
M2 Theta 0.0   0   2       0.000      90.000 20  
M2 Sf2   1.0   0   2       0.000       1.000 20  
M2 Ss2   1.0   1   2       0.000       1.000 20  
M2 te    0.0   1   2       0.000   10000.000 20  
M2 Rex   0.0   1   -1      0.000      20.000 20  

spin     SER_32
M1 tloc  0.0   0   2       0.000      20.000 20  
M1 Theta 0.0   0   2       0.000      90.000 20  
M1 Sf2   1.0   0   2       0.000       1.000 20  
M1 Ss2   1.0   1   2       0.000       1.000 20  
M1 te    0.0   0   2       0.000   10000.000 20  
M1 Rex   0.0   1   -1      0.000      20.000 20  

M2 tloc  0.0   0   2       0.000      20.000 20  
M2 Theta 0.0   0   2       0.000      90.000 20  
M2 Sf2   1.0   0   2       0.000       1.000 20  
M2 Ss2   1.0   1   2       0.000       1.000 20  
M2 te    0.0   1   2       0.000   10000.000 20  
M2 Rex   0.0   1   -1      0.000      20.000 20  

spin     ARG_33
M1 tloc  0.0   0   2       0.000      20.000 20  
M1 Theta 0.0   0   2       0.000      90.000 20  
M1 Sf2   1.0   0   2       0.000       1.000 20  
M1 Ss2   1.0   1   2       0.000       1.000 20  
M1 te    0.0   0   2       0.000   10000.000 20  
M1 Rex   0.0   1   -1      0.000      20.000 20  

M2 tloc  0.0   0   2       0.000      20.000 20  
M2 Theta 0.0   0   2       0.000      90.000 20  
M2 Sf2   1.0   0   2       0.000       1.000 20  
M2 Ss2   1.0   1   2       0.000       1.000 20  
M2 te    0.0   1   2       0.000   10000.000 20  
M2 Rex   0.0   1   -1      0.000      20.000 20  

spin     LEU_34
M1 tloc  0.0   0   2       0.000      20.000 20  
M1 Theta 0.0   0   2       0.000      90.000 20  
M1 Sf2   1.0   0   2       0.000       1.000 20  
M1 Ss2   1.0   1   2       0.000       1.000 20  
M1 te    0.0   0   2       0.000   10000.000 20  
M1 Rex   0.0   1   -1      0.000      20.000 20  

M2 tloc  0.0   0   2       0.000      20.000 20  
M2 Theta 0.0   0   2       0.000      90.000 20  
M2 Sf2   1.0   0   2       0.000       1.000 20  
M2 Ss2   1.0   1   2       0.000       1.000 20  
M2 te    0.0   1   2       0.000   10000.000 20  
M2 Rex   0.0   1   -1      0.000      20.000 20  

spin     ASP_35
M1 tloc  0.0   0   2       0.000      20.000 20  
M1 Theta 0.0   0   2       0.000      90.000 20  
M1 Sf2   1.0   0   2       0.000       1.000 20  
M1 Ss2   1.0   1   2       0.000       1.000 20  
M1 te    0.0   0   2       0.000   10000.000 20  
M1 Rex   0.0   1   -1      0.000      20.000 20  

M2 tloc  0.0   0   2       0.000      20.000 20  
M2 Theta 0.0   0   2       0.000      90.000 20  
M2 Sf2   1.0   0   2       0.000       1.000 20  
M2 Ss2   1.0   1   2       0.000       1.000 20  
M2 te    0.0   1   2       0.000   10000.000 20  
M2 Rex   0.0   1   -1      0.000      20.000 20  

spin     ILE_36
M1 tloc  0.0   0   2       0.000      20.000 20  
M1 Theta 0.0   0   2       0.000      90.000 20  
M1 Sf2   1.0   0   2       0.000       1.000 20  
M1 Ss2   1.0   1   2       0.000       1.000 20  
M1 te    0.0   0   2       0.000   10000.000 20  
M1 Rex   0.0   1   -1      0.000      20.000 20  

M2 tloc  0.0   0   2       0.000      20.000 20  
M2 Theta 0.0   0   2       0.000      90.000 20  
M2 Sf2   1.0   0   2       0.000       1.000 20  
M2 Ss2   1.0   1   2       0.000       1.000 20  
M2 te    0.0   1   2       0.000   10000.000 20  
M2 Rex   0.0   1   -1      0.000      20.000 20  

spin     ASP_38
M1 tloc  0.0   0   2       0.000      20.000 20  
M1 Theta 0.0   0   2       0.000      90.000 20  
M1 Sf2   1.0   0   2       0.000       1.000 20  
M1 Ss2   1.0   1   2       0.000       1.000 20  
M1 te    0.0   0   2       0.000   10000.000 20  
M1 Rex   0.0   1   -1      0.000      20.000 20  

M2 tloc  0.0   0   2       0.000      20.000 20  
M2 Theta 0.0   0   2       0.000      90.000 20  
M2 Sf2   1.0   0   2       0.000       1.000 20  
M2 Ss2   1.0   1   2       0.000       1.000 20  
M2 te    0.0   1   2       0.000   10000.000 20  
M2 Rex   0.0   1   -1      0.000      20.000 20  

spin     ALA_39
M1 tloc  0.0   0   2       0.000      20.000 20  
M1 Theta 0.0   0   2       0.000      90.000 20  
M1 Sf2   1.0   0   2       0.000       1.000 20  
M1 Ss2   1.0   1   2       0.000       1.000 20  
M1 te    0.0   0   2       0.000   10000.000 20  
M1 Rex   0.0   1   -1      0.000      20.000 20  

M2 tloc  0.0   0   2       0.000      20.000 20  
M2 Theta 0.0   0   2       0.000      90.000 20  
M2 Sf2   1.0   0   2       0.000       1.000 20  
M2 Ss2   1.0   1   2       0.000       1.000 20  
M2 te    0.0   1   2       0.000   10000.000 20  
M2 Rex   0.0   1   -1      0.000      20.000 20  

spin     TRP_40
M1 tloc  0.0   0   2       0.000      20.000 20  
M1 Theta 0.0   0   2       0.000      90.000 20  
M1 Sf2   1.0   0   2       0.000       1.000 20  
M1 Ss2   1.0   1   2       0.000       1.000 20  
M1 te    0.0   0   2       0.000   10000.000 20  
M1 Rex   0.0   1   -1      0.000      20.000 20  

M2 tloc  0.0   0   2       0.000      20.000 20  
M2 Theta 0.0   0   2       0.000      90.000 20  
M2 Sf2   1.0   0   2       0.000       1.000 20  
M2 Ss2   1.0   1   2       0.000       1.000 20  
M2 te    0.0   1   2       0.000   10000.000 20  
M2 Rex   0.0   1   -1      0.000      20.000 20  

spin     GLN_41
M1 tloc  0.0   0   2       0.000      20.000 20  
M1 Theta 0.0   0   2       0.000      90.000 20  
M1 Sf2   1.0   0   2       0.000       1.000 20  
M1 Ss2   1.0   1   2       0.000       1.000 20  
M1 te    0.0   0   2       0.000   10000.000 20  
M1 Rex   0.0   1   -1      0.000      20.000 20  

M2 tloc  0.0   0   2       0.000      20.000 20  
M2 Theta 0.0   0   2       0.000      90.000 20  
M2 Sf2   1.0   0   2       0.000       1.000 20  
M2 Ss2   1.0   1   2       0.000       1.000 20  
M2 te    0.0   1   2       0.000   10000.000 20  
M2 Rex   0.0   1   -1      0.000      20.000 20  

spin     MET_42
M1 tloc  0.0   0   2       0.000      20.000 20  
M1 Theta 0.0   0   2       0.000      90.000 20  
M1 Sf2   1.0   0   2       0.000       1.000 20  
M1 Ss2   1.0   1   2       0.000       1.000 20  
M1 te    0.0   0   2       0.000   10000.000 20  
M1 Rex   0.0   1   -1      0.000      20.000 20  

M2 tloc  0.0   0   2       0.000      20.000 20  
M2 Theta 0.0   0   2       0.000      90.000 20  
M2 Sf2   1.0   0   2       0.000       1.000 20  
M2 Ss2   1.0   1   2       0.000       1.000 20  
M2 te    0.0   1   2       0.000   10000.000 20  
M2 Rex   0.0   1   -1      0.000      20.000 20  

spin     GLY_45
M1 tloc  0.0   0   2       0.000      20.000 20  
M1 Theta 0.0   0   2       0.000      90.000 20  
M1 Sf2   1.0   0   2       0.000       1.000 20  
M1 Ss2   1.0   1   2       0.000       1.000 20  
M1 te    0.0   0   2       0.000   10000.000 20  
M1 Rex   0.0   1   -1      0.000      20.000 20  

M2 tloc  0.0   0   2       0.000      20.000 20  
M2 Theta 0.0   0   2       0.000      90.000 20  
M2 Sf2   1.0   0   2       0.000       1.000 20  
M2 Ss2   1.0   1   2       0.000       1.000 20  
M2 te    0.0   1   2       0.000   10000.000 20  
M2 Rex   0.0   1   -1      0.000      20.000 20  

spin     GLY_46
M1 tloc  0.0   0   2       0.000      20.000 20  
M1 Theta 0.0   0   2       0.000      90.000 20  
M1 Sf2   1.0   0   2       0.000       1.000 20  
M1 Ss2   1.0   1   2       0.000       1.000 20  
M1 te    0.0   0   2       0.000   10000.000 20  
M1 Rex   0.0   1   -1      0.000      20.000 20  

M2 tloc  0.0   0   2       0.000      20.000 20  
M2 Theta 0.0   0   2       0.000      90.000 20  
M2 Sf2   1.0   0   2       0.000       1.000 20  
M2 Ss2   1.0   1   2       0.000       1.000 20  
M2 te    0.0   1   2       0.000   10000.000 20  
M2 Rex   0.0   1   -1      0.000      20.000 20  

spin     ILE_47
M1 tloc  0.0   0   2       0.000      20.000 20  
M1 Theta 0.0   0   2       0.000      90.000 20  
M1 Sf2   1.0   0   2       0.000       1.000 20  
M1 Ss2   1.0   1   2       0.000       1.000 20  
M1 te    0.0   0   2       0.000   10000.000 20  
M1 Rex   0.0   1   -1      0.000      20.000 20  

M2 tloc  0.0   0   2       0.000      20.000 20  
M2 Theta 0.0   0   2       0.000      90.000 20  
M2 Sf2   1.0   0   2       0.000       1.000 20  
M2 Ss2   1.0   1   2       0.000       1.000 20  
M2 te    0.0   1   2       0.000   10000.000 20  
M2 Rex   0.0   1   -1      0.000      20.000 20  

spin     ASP_48
M1 tloc  0.0   0   2       0.000      20.000 20  
M1 Theta 0.0   0   2       0.000      90.000 20  
M1 Sf2   1.0   0   2       0.000       1.000 20  
M1 Ss2   1.0   1   2       0.000       1.000 20  
M1 te    0.0   0   2       0.000   10000.000 20  
M1 Rex   0.0   1   -1      0.000      20.000 20  

M2 tloc  0.0   0   2       0.000      20.000 20  
M2 Theta 0.0   0   2       0.000      90.000 20  
M2 Sf2   1.0   0   2       0.000       1.000 20  
M2 Ss2   1.0   1   2       0.000       1.000 20  
M2 te    0.0   1   2       0.000   10000.000 20  
M2 Rex   0.0   1   -1      0.000      20.000 20  

spin     GLU_49
M1 tloc  0.0   0   2       0.000      20.000 20  
M1 Theta 0.0   0   2       0.000      90.000 20  
M1 Sf2   1.0   0   2       0.000       1.000 20  
M1 Ss2   1.0   1   2       0.000       1.000 20  
M1 te    0.0   0   2       0.000   10000.000 20  
M1 Rex   0.0   1   -1      0.000      20.000 20  

M2 tloc  0.0   0   2       0.000      20.000 20  
M2 Theta 0.0   0   2       0.000      90.000 20  
M2 Sf2   1.0   0   2       0.000       1.000 20  
M2 Ss2   1.0   1   2       0.000       1.000 20  
M2 te    0.0   1   2       0.000   10000.000 20  
M2 Rex   0.0   1   -1      0.000      20.000 20  

spin     GLY_50
M1 tloc  0.0   0   2       0.000      20.000 20  
M1 Theta 0.0   0   2       0.000      90.000 20  
M1 Sf2   1.0   0   2       0.000       1.000 20  
M1 Ss2   1.0   1   2       0.000       1.000 20  
M1 te    0.0   0   2       0.000   10000.000 20  
M1 Rex   0.0   1   -1      0.000      20.000 20  

M2 tloc  0.0   0   2       0.000      20.000 20  
M2 Theta 0.0   0   2       0.000      90.000 20  
M2 Sf2   1.0   0   2       0.000       1.000 20  
M2 Ss2   1.0   1   2       0.000       1.000 20  
M2 te    0.0   1   2       0.000   10000.000 20  
M2 Rex   0.0   1   -1      0.000      20.000 20  

spin     GLU_51
M1 tloc  0.0   0   2       0.000      20.000 20  
M1 Theta 0.0   0   2       0.000      90.000 20  
M1 Sf2   1.0   0   2       0.000       1.000 20  
M1 Ss2   1.0   1   2       0.000       1.000 20  
M1 te    0.0   0   2       0.000   10000.000 20  
M1 Rex   0.0   1   -1      0.000      20.000 20  

M2 tloc  0.0   0   2       0.000      20.000 20  
M2 Theta 0.0   0   2       0.000      90.000 20  
M2 Sf2   1.0   0   2       0.000       1.000 20  
M2 Ss2   1.0   1   2       0.000       1.000 20  
M2 te    0.0   1   2       0.000   10000.000 20  
M2 Rex   0.0   1   -1      0.000      20.000 20  

spin     ASP_52
M1 tloc  0.0   0   2       0.000      20.000 20  
M1 Theta 0.0   0   2       0.000      90.000 20  
M1 Sf2   1.0   0   2       0.000       1.000 20  
M1 Ss2   1.0   1   2       0.000       1.000 20  
M1 te    0.0   0   2       0.000   10000.000 20  
M1 Rex   0.0   1   -1      0.000      20.000 20  

M2 tloc  0.0   0   2       0.000      20.000 20  
M2 Theta 0.0   0   2       0.000      90.000 20  
M2 Sf2   1.0   0   2       0.000       1.000 20  
M2 Ss2   1.0   1   2       0.000       1.000 20  
M2 te    0.0   1   2       0.000   10000.000 20  
M2 Rex   0.0   1   -1      0.000      20.000 20  

spin     ASN_55
M1 tloc  0.0   0   2       0.000      20.000 20  
M1 Theta 0.0   0   2       0.000      90.000 20  
M1 Sf2   1.0   0   2       0.000       1.000 20  
M1 Ss2   1.0   1   2       0.000       1.000 20  
M1 te    0.0   0   2       0.000   10000.000 20  
M1 Rex   0.0   1   -1      0.000      20.000 20  

M2 tloc  0.0   0   2       0.000      20.000 20  
M2 Theta 0.0   0   2       0.000      90.000 20  
M2 Sf2   1.0   0   2       0.000       1.000 20  
M2 Ss2   1.0   1   2       0.000       1.000 20  
M2 te    0.0   1   2       0.000   10000.000 20  
M2 Rex   0.0   1   -1      0.000      20.000 20  

spin     ALA_56
M1 tloc  0.0   0   2       0.000      20.000 20  
M1 Theta 0.0   0   2       0.000      90.000 20  
M1 Sf2   1.0   0   2       0.000       1.000 20  
M1 Ss2   1.0   1   2       0.000       1.000 20  
M1 te    0.0   0   2       0.000   10000.000 20  
M1 Rex   0.0   1   -1      0.000      20.000 20  

M2 tloc  0.0   0   2       0.000      20.000 20  
M2 Theta 0.0   0   2       0.000      90.000 20  
M2 Sf2   1.0   0   2       0.000       1.000 20  
M2 Ss2   1.0   1   2       0.000       1.000 20  
M2 te    0.0   1   2       0.000   10000.000 20  
M2 Rex   0.0   1   -1      0.000      20.000 20  

spin     ALA_57
M1 tloc  0.0   0   2       0.000      20.000 20  
M1 Theta 0.0   0   2       0.000      90.000 20  
M1 Sf2   1.0   0   2       0.000       1.000 20  
M1 Ss2   1.0   1   2       0.000       1.000 20  
M1 te    0.0   0   2       0.000   10000.000 20  
M1 Rex   0.0   1   -1      0.000      20.000 20  

M2 tloc  0.0   0   2       0.000      20.000 20  
M2 Theta 0.0   0   2       0.000      90.000 20  
M2 Sf2   1.0   0   2       0.000       1.000 20  
M2 Ss2   1.0   1   2       0.000       1.000 20  
M2 te    0.0   1   2       0.000   10000.000 20  
M2 Rex   0.0   1   -1      0.000      20.000 20  

spin     ILE_58
M1 tloc  0.0   0   2       0.000      20.000 20  
M1 Theta 0.0   0   2       0.000      90.000 20  
M1 Sf2   1.0   0   2       0.000       1.000 20  
M1 Ss2   1.0   1   2       0.000       1.000 20  
M1 te    0.0   0   2       0.000   10000.000 20  
M1 Rex   0.0   1   -1      0.000      20.000 20  

M2 tloc  0.0   0   2       0.000      20.000 20  
M2 Theta 0.0   0   2       0.000      90.000 20  
M2 Sf2   1.0   0   2       0.000       1.000 20  
M2 Ss2   1.0   1   2       0.000       1.000 20  
M2 te    0.0   1   2       0.000   10000.000 20  
M2 Rex   0.0   1   -1      0.000      20.000 20  

spin     ARG_59
M1 tloc  0.0   0   2       0.000      20.000 20  
M1 Theta 0.0   0   2       0.000      90.000 20  
M1 Sf2   1.0   0   2       0.000       1.000 20  
M1 Ss2   1.0   1   2       0.000       1.000 20  
M1 te    0.0   0   2       0.000   10000.000 20  
M1 Rex   0.0   1   -1      0.000      20.000 20  

M2 tloc  0.0   0   2       0.000      20.000 20  
M2 Theta 0.0   0   2       0.000      90.000 20  
M2 Sf2   1.0   0   2       0.000       1.000 20  
M2 Ss2   1.0   1   2       0.000       1.000 20  
M2 te    0.0   1   2       0.000   10000.000 20  
M2 Rex   0.0   1   -1      0.000      20.000 20  

spin     GLU_60
M1 tloc  0.0   0   2       0.000      20.000 20  
M1 Theta 0.0   0   2       0.000      90.000 20  
M1 Sf2   1.0   0   2       0.000       1.000 20  
M1 Ss2   1.0   1   2       0.000       1.000 20  
M1 te    0.0   0   2       0.000   10000.000 20  
M1 Rex   0.0   1   -1      0.000      20.000 20  

M2 tloc  0.0   0   2       0.000      20.000 20  
M2 Theta 0.0   0   2       0.000      90.000 20  
M2 Sf2   1.0   0   2       0.000       1.000 20  
M2 Ss2   1.0   1   2       0.000       1.000 20  
M2 te    0.0   1   2       0.000   10000.000 20  
M2 Rex   0.0   1   -1      0.000      20.000 20  

spin     LEU_61
M1 tloc  0.0   0   2       0.000      20.000 20  
M1 Theta 0.0   0   2       0.000      90.000 20  
M1 Sf2   1.0   0   2       0.000       1.000 20  
M1 Ss2   1.0   1   2       0.000       1.000 20  
M1 te    0.0   0   2       0.000   10000.000 20  
M1 Rex   0.0   1   -1      0.000      20.000 20  

M2 tloc  0.0   0   2       0.000      20.000 20  
M2 Theta 0.0   0   2       0.000      90.000 20  
M2 Sf2   1.0   0   2       0.000       1.000 20  
M2 Ss2   1.0   1   2       0.000       1.000 20  
M2 te    0.0   1   2       0.000   10000.000 20  
M2 Rex   0.0   1   -1      0.000      20.000 20  

spin     ARG_62
M1 tloc  0.0   0   2       0.000      20.000 20  
M1 Theta 0.0   0   2       0.000      90.000 20  
M1 Sf2   1.0   0   2       0.000       1.000 20  
M1 Ss2   1.0   1   2       0.000       1.000 20  
M1 te    0.0   0   2       0.000   10000.000 20  
M1 Rex   0.0   1   -1      0.000      20.000 20  

M2 tloc  0.0   0   2       0.000      20.000 20  
M2 Theta 0.0   0   2       0.000      90.000 20  
M2 Sf2   1.0   0   2       0.000       1.000 20  
M2 Ss2   1.0   1   2       0.000       1.000 20  
M2 te    0.0   1   2       0.000   10000.000 20  
M2 Rex   0.0   1   -1      0.000      20.000 20  

spin     GLU_63
M1 tloc  0.0   0   2       0.000      20.000 20  
M1 Theta 0.0   0   2       0.000      90.000 20  
M1 Sf2   1.0   0   2       0.000       1.000 20  
M1 Ss2   1.0   1   2       0.000       1.000 20  
M1 te    0.0   0   2       0.000   10000.000 20  
M1 Rex   0.0   1   -1      0.000      20.000 20  

M2 tloc  0.0   0   2       0.000      20.000 20  
M2 Theta 0.0   0   2       0.000      90.000 20  
M2 Sf2   1.0   0   2       0.000       1.000 20  
M2 Ss2   1.0   1   2       0.000       1.000 20  
M2 te    0.0   1   2       0.000   10000.000 20  
M2 Rex   0.0   1   -1      0.000      20.000 20  

spin     GLU_64
M1 tloc  0.0   0   2       0.000      20.000 20  
M1 Theta 0.0   0   2       0.000      90.000 20  
M1 Sf2   1.0   0   2       0.000       1.000 20  
M1 Ss2   1.0   1   2       0.000       1.000 20  
M1 te    0.0   0   2       0.000   10000.000 20  
M1 Rex   0.0   1   -1      0.000      20.000 20  

M2 tloc  0.0   0   2       0.000      20.000 20  
M2 Theta 0.0   0   2       0.000      90.000 20  
M2 Sf2   1.0   0   2       0.000       1.000 20  
M2 Ss2   1.0   1   2       0.000       1.000 20  
M2 te    0.0   1   2       0.000   10000.000 20  
M2 Rex   0.0   1   -1      0.000      20.000 20  

spin     THR_65
M1 tloc  0.0   0   2       0.000      20.000 20  
M1 Theta 0.0   0   2       0.000      90.000 20  
M1 Sf2   1.0   0   2       0.000       1.000 20  
M1 Ss2   1.0   1   2       0.000       1.000 20  
M1 te    0.0   0   2       0.000   10000.000 20  
M1 Rex   0.0   1   -1      0.000      20.000 20  

M2 tloc  0.0   0   2       0.000      20.000 20  
M2 Theta 0.0   0   2       0.000      90.000 20  
M2 Sf2   1.0   0   2       0.000       1.000 20  
M2 Ss2   1.0   1   2       0.000       1.000 20  
M2 te    0.0   1   2       0.000   10000.000 20  
M2 Rex   0.0   1   -1      0.000      20.000 20  

spin     VAL_67
M1 tloc  0.0   0   2       0.000      20.000 20  
M1 Theta 0.0   0   2       0.000      90.000 20  
M1 Sf2   1.0   0   2       0.000       1.000 20  
M1 Ss2   1.0   1   2       0.000       1.000 20  
M1 te    0.0   0   2       0.000   10000.000 20  
M1 Rex   0.0   1   -1      0.000      20.000 20  

M2 tloc  0.0   0   2       0.000      20.000 20  
M2 Theta 0.0   0   2       0.000      90.000 20  
M2 Sf2   1.0   0   2       0.000       1.000 20  
M2 Ss2   1.0   1   2       0.000       1.000 20  
M2 te    0.0   1   2       0.000   10000.000 20  
M2 Rex   0.0   1   -1      0.000      20.000 20  

spin     THR_68
M1 tloc  0.0   0   2       0.000      20.000 20  
M1 Theta 0.0   0   2       0.000      90.000 20  
M1 Sf2   1.0   0   2       0.000       1.000 20  
M1 Ss2   1.0   1   2       0.000       1.000 20  
M1 te    0.0   0   2       0.000   10000.000 20  
M1 Rex   0.0   1   -1      0.000      20.000 20  

M2 tloc  0.0   0   2       0.000      20.000 20  
M2 Theta 0.0   0   2       0.000      90.000 20  
M2 Sf2   1.0   0   2       0.000       1.000 20  
M2 Ss2   1.0   1   2       0.000       1.000 20  
M2 te    0.0   1   2       0.000   10000.000 20  
M2 Rex   0.0   1   -1      0.000      20.000 20  

spin     SER_69
M1 tloc  0.0   0   2       0.000      20.000 20  
M1 Theta 0.0   0   2       0.000      90.000 20  
M1 Sf2   1.0   0   2       0.000       1.000 20  
M1 Ss2   1.0   1   2       0.000       1.000 20  
M1 te    0.0   0   2       0.000   10000.000 20  
M1 Rex   0.0   1   -1      0.000      20.000 20  

M2 tloc  0.0   0   2       0.000      20.000 20  
M2 Theta 0.0   0   2       0.000      90.000 20  
M2 Sf2   1.0   0   2       0.000       1.000 20  
M2 Ss2   1.0   1   2       0.000       1.000 20  
M2 te    0.0   1   2       0.000   10000.000 20  
M2 Rex   0.0   1   -1      0.000      20.000 20  

spin     ALA_70
M1 tloc  0.0   0   2       0.000      20.000 20  
M1 Theta 0.0   0   2       0.000      90.000 20  
M1 Sf2   1.0   0   2       0.000       1.000 20  
M1 Ss2   1.0   1   2       0.000       1.000 20  
M1 te    0.0   0   2       0.000   10000.000 20  
M1 Rex   0.0   1   -1      0.000      20.000 20  

M2 tloc  0.0   0   2       0.000      20.000 20  
M2 Theta 0.0   0   2       0.000      90.000 20  
M2 Sf2   1.0   0   2       0.000       1.000 20  
M2 Ss2   1.0   1   2       0.000       1.000 20  
M2 te    0.0   1   2       0.000   10000.000 20  
M2 Rex   0.0   1   -1      0.000      20.000 20  

spin     GLU_71
M1 tloc  0.0   0   2       0.000      20.000 20  
M1 Theta 0.0   0   2       0.000      90.000 20  
M1 Sf2   1.0   0   2       0.000       1.000 20  
M1 Ss2   1.0   1   2       0.000       1.000 20  
M1 te    0.0   0   2       0.000   10000.000 20  
M1 Rex   0.0   1   -1      0.000      20.000 20  

M2 tloc  0.0   0   2       0.000      20.000 20  
M2 Theta 0.0   0   2       0.000      90.000 20  
M2 Sf2   1.0   0   2       0.000       1.000 20  
M2 Ss2   1.0   1   2       0.000       1.000 20  
M2 te    0.0   1   2       0.000   10000.000 20  
M2 Rex   0.0   1   -1      0.000      20.000 20  

spin     VAL_72
M1 tloc  0.0   0   2       0.000      20.000 20  
M1 Theta 0.0   0   2       0.000      90.000 20  
M1 Sf2   1.0   0   2       0.000       1.000 20  
M1 Ss2   1.0   1   2       0.000       1.000 20  
M1 te    0.0   0   2       0.000   10000.000 20  
M1 Rex   0.0   1   -1      0.000      20.000 20  

M2 tloc  0.0   0   2       0.000      20.000 20  
M2 Theta 0.0   0   2       0.000      90.000 20  
M2 Sf2   1.0   0   2       0.000       1.000 20  
M2 Ss2   1.0   1   2       0.000       1.000 20  
M2 te    0.0   1   2       0.000   10000.000 20  
M2 Rex   0.0   1   -1      0.000      20.000 20  

spin     ILE_73
M1 tloc  0.0   0   2       0.000      20.000 20  
M1 Theta 0.0   0   2       0.000      90.000 20  
M1 Sf2   1.0   0   2       0.000       1.000 20  
M1 Ss2   1.0   1   2       0.000       1.000 20  
M1 te    0.0   0   2       0.000   10000.000 20  
M1 Rex   0.0   1   -1      0.000      20.000 20  

M2 tloc  0.0   0   2       0.000      20.000 20  
M2 Theta 0.0   0   2       0.000      90.000 20  
M2 Sf2   1.0   0   2       0.000       1.000 20  
M2 Ss2   1.0   1   2       0.000       1.000 20  
M2 te    0.0   1   2       0.000   10000.000 20  
M2 Rex   0.0   1   -1      0.000      20.000 20  

spin     ALA_74
M1 tloc  0.0   0   2       0.000      20.000 20  
M1 Theta 0.0   0   2       0.000      90.000 20  
M1 Sf2   1.0   0   2       0.000       1.000 20  
M1 Ss2   1.0   1   2       0.000       1.000 20  
M1 te    0.0   0   2       0.000   10000.000 20  
M1 Rex   0.0   1   -1      0.000      20.000 20  

M2 tloc  0.0   0   2       0.000      20.000 20  
M2 Theta 0.0   0   2       0.000      90.000 20  
M2 Sf2   1.0   0   2       0.000       1.000 20  
M2 Ss2   1.0   1   2       0.000       1.000 20  
M2 te    0.0   1   2       0.000   10000.000 20  
M2 Rex   0.0   1   -1      0.000      20.000 20  

spin     GLU_75
M1 tloc  0.0   0   2       0.000      20.000 20  
M1 Theta 0.0   0   2       0.000      90.000 20  
M1 Sf2   1.0   0   2       0.000       1.000 20  
M1 Ss2   1.0   1   2       0.000       1.000 20  
M1 te    0.0   0   2       0.000   10000.000 20  
M1 Rex   0.0   1   -1      0.000      20.000 20  

M2 tloc  0.0   0   2       0.000      20.000 20  
M2 Theta 0.0   0   2       0.000      90.000 20  
M2 Sf2   1.0   0   2       0.000       1.000 20  
M2 Ss2   1.0   1   2       0.000       1.000 20  
M2 te    0.0   1   2       0.000   10000.000 20  
M2 Rex   0.0   1   -1      0.000      20.000 20  

spin     VAL_76
M1 tloc  0.0   0   2       0.000      20.000 20  
M1 Theta 0.0   0   2       0.000      90.000 20  
M1 Sf2   1.0   0   2       0.000       1.000 20  
M1 Ss2   1.0   1   2       0.000       1.000 20  
M1 te    0.0   0   2       0.000   10000.000 20  
M1 Rex   0.0   1   -1      0.000      20.000 20  

M2 tloc  0.0   0   2       0.000      20.000 20  
M2 Theta 0.0   0   2       0.000      90.000 20  
M2 Sf2   1.0   0   2       0.000       1.000 20  
M2 Ss2   1.0   1   2       0.000       1.000 20  
M2 te    0.0   1   2       0.000   10000.000 20  
M2 Rex   0.0   1   -1      0.000      20.000 20  

spin     TYR_78
M1 tloc  0.0   0   2       0.000      20.000 20  
M1 Theta 0.0   0   2       0.000      90.000 20  
M1 Sf2   1.0   0   2       0.000       1.000 20  
M1 Ss2   1.0   1   2       0.000       1.000 20  
M1 te    0.0   0   2       0.000   10000.000 20  
M1 Rex   0.0   1   -1      0.000      20.000 20  

M2 tloc  0.0   0   2       0.000      20.000 20  
M2 Theta 0.0   0   2       0.000      90.000 20  
M2 Sf2   1.0   0   2       0.000       1.000 20  
M2 Ss2   1.0   1   2       0.000       1.000 20  
M2 te    0.0   1   2       0.000   10000.000 20  
M2 Rex   0.0   1   -1      0.000      20.000 20  

spin     TRP_79
M1 tloc  0.0   0   2       0.000      20.000 20  
M1 Theta 0.0   0   2       0.000      90.000 20  
M1 Sf2   1.0   0   2       0.000       1.000 20  
M1 Ss2   1.0   1   2       0.000       1.000 20  
M1 te    0.0   0   2       0.000   10000.000 20  
M1 Rex   0.0   1   -1      0.000      20.000 20  

M2 tloc  0.0   0   2       0.000      20.000 20  
M2 Theta 0.0   0   2       0.000      90.000 20  
M2 Sf2   1.0   0   2       0.000       1.000 20  
M2 Ss2   1.0   1   2       0.000       1.000 20  
M2 te    0.0   1   2       0.000   10000.000 20  
M2 Rex   0.0   1   -1      0.000      20.000 20  

spin     LEU_80
M1 tloc  0.0   0   2       0.000      20.000 20  
M1 Theta 0.0   0   2       0.000      90.000 20  
M1 Sf2   1.0   0   2       0.000       1.000 20  
M1 Ss2   1.0   1   2       0.000       1.000 20  
M1 te    0.0   0   2       0.000   10000.000 20  
M1 Rex   0.0   1   -1      0.000      20.000 20  

M2 tloc  0.0   0   2       0.000      20.000 20  
M2 Theta 0.0   0   2       0.000      90.000 20  
M2 Sf2   1.0   0   2       0.000       1.000 20  
M2 Ss2   1.0   1   2       0.000       1.000 20  
M2 te    0.0   1   2       0.000   10000.000 20  
M2 Rex   0.0   1   -1      0.000      20.000 20  

spin     THR_81
M1 tloc  0.0   0   2       0.000      20.000 20  
M1 Theta 0.0   0   2       0.000      90.000 20  
M1 Sf2   1.0   0   2       0.000       1.000 20  
M1 Ss2   1.0   1   2       0.000       1.000 20  
M1 te    0.0   0   2       0.000   10000.000 20  
M1 Rex   0.0   1   -1      0.000      20.000 20  

M2 tloc  0.0   0   2       0.000      20.000 20  
M2 Theta 0.0   0   2       0.000      90.000 20  
M2 Sf2   1.0   0   2       0.000       1.000 20  
M2 Ss2   1.0   1   2       0.000       1.000 20  
M2 te    0.0   1   2       0.000   10000.000 20  
M2 Rex   0.0   1   -1      0.000      20.000 20  

spin     ASP_83
M1 tloc  0.0   0   2       0.000      20.000 20  
M1 Theta 0.0   0   2       0.000      90.000 20  
M1 Sf2   1.0   0   2       0.000       1.000 20  
M1 Ss2   1.0   1   2       0.000       1.000 20  
M1 te    0.0   0   2       0.000   10000.000 20  
M1 Rex   0.0   1   -1      0.000      20.000 20  

M2 tloc  0.0   0   2       0.000      20.000 20  
M2 Theta 0.0   0   2       0.000      90.000 20  
M2 Sf2   1.0   0   2       0.000       1.000 20  
M2 Ss2   1.0   1   2       0.000       1.000 20  
M2 te    0.0   1   2       0.000   10000.000 20  
M2 Rex   0.0   1   -1      0.000      20.000 20  

spin     PHE_84
M1 tloc  0.0   0   2       0.000      20.000 20  
M1 Theta 0.0   0   2       0.000      90.000 20  
M1 Sf2   1.0   0   2       0.000       1.000 20  
M1 Ss2   1.0   1   2       0.000       1.000 20  
M1 te    0.0   0   2       0.000   10000.000 20  
M1 Rex   0.0   1   -1      0.000      20.000 20  

M2 tloc  0.0   0   2       0.000      20.000 20  
M2 Theta 0.0   0   2       0.000      90.000 20  
M2 Sf2   1.0   0   2       0.000       1.000 20  
M2 Ss2   1.0   1   2       0.000       1.000 20  
M2 te    0.0   1   2       0.000   10000.000 20  
M2 Rex   0.0   1   -1      0.000      20.000 20  

spin     LYS_87
M1 tloc  0.0   0   2       0.000      20.000 20  
M1 Theta 0.0   0   2       0.000      90.000 20  
M1 Sf2   1.0   0   2       0.000       1.000 20  
M1 Ss2   1.0   1   2       0.000       1.000 20  
M1 te    0.0   0   2       0.000   10000.000 20  
M1 Rex   0.0   1   -1      0.000      20.000 20  

M2 tloc  0.0   0   2       0.000      20.000 20  
M2 Theta 0.0   0   2       0.000      90.000 20  
M2 Sf2   1.0   0   2       0.000       1.000 20  
M2 Ss2   1.0   1   2       0.000       1.000 20  
M2 te    0.0   1   2       0.000   10000.000 20  
M2 Rex   0.0   1   -1      0.000      20.000 20  

spin     VAL_88
M1 tloc  0.0   0   2       0.000      20.000 20  
M1 Theta 0.0   0   2       0.000      90.000 20  
M1 Sf2   1.0   0   2       0.000       1.000 20  
M1 Ss2   1.0   1   2       0.000       1.000 20  
M1 te    0.0   0   2       0.000   10000.000 20  
M1 Rex   0.0   1   -1      0.000      20.000 20  

M2 tloc  0.0   0   2       0.000      20.000 20  
M2 Theta 0.0   0   2       0.000      90.000 20  
M2 Sf2   1.0   0   2       0.000       1.000 20  
M2 Ss2   1.0   1   2       0.000       1.000 20  
M2 te    0.0   1   2       0.000   10000.000 20  
M2 Rex   0.0   1   -1      0.000      20.000 20  

spin     ARG_89
M1 tloc  0.0   0   2       0.000      20.000 20  
M1 Theta 0.0   0   2       0.000      90.000 20  
M1 Sf2   1.0   0   2       0.000       1.000 20  
M1 Ss2   1.0   1   2       0.000       1.000 20  
M1 te    0.0   0   2       0.000   10000.000 20  
M1 Rex   0.0   1   -1      0.000      20.000 20  

M2 tloc  0.0   0   2       0.000      20.000 20  
M2 Theta 0.0   0   2       0.000      90.000 20  
M2 Sf2   1.0   0   2       0.000       1.000 20  
M2 Ss2   1.0   1   2       0.000       1.000 20  
M2 te    0.0   1   2       0.000   10000.000 20  
M2 Rex   0.0   1   -1      0.000      20.000 20  

spin     GLU_90
M1 tloc  0.0   0   2       0.000      20.000 20  
M1 Theta 0.0   0   2       0.000      90.000 20  
M1 Sf2   1.0   0   2       0.000       1.000 20  
M1 Ss2   1.0   1   2       0.000       1.000 20  
M1 te    0.0   0   2       0.000   10000.000 20  
M1 Rex   0.0   1   -1      0.000      20.000 20  

M2 tloc  0.0   0   2       0.000      20.000 20  
M2 Theta 0.0   0   2       0.000      90.000 20  
M2 Sf2   1.0   0   2       0.000       1.000 20  
M2 Ss2   1.0   1   2       0.000       1.000 20  
M2 te    0.0   1   2       0.000   10000.000 20  
M2 Rex   0.0   1   -1      0.000      20.000 20  

spin     LYS_91
M1 tloc  0.0   0   2       0.000      20.000 20  
M1 Theta 0.0   0   2       0.000      90.000 20  
M1 Sf2   1.0   0   2       0.000       1.000 20  
M1 Ss2   1.0   1   2       0.000       1.000 20  
M1 te    0.0   0   2       0.000   10000.000 20  
M1 Rex   0.0   1   -1      0.000      20.000 20  

M2 tloc  0.0   0   2       0.000      20.000 20  
M2 Theta 0.0   0   2       0.000      90.000 20  
M2 Sf2   1.0   0   2       0.000       1.000 20  
M2 Ss2   1.0   1   2       0.000       1.000 20  
M2 te    0.0   1   2       0.000   10000.000 20  
M2 Rex   0.0   1   -1      0.000      20.000 20  

spin     ASN_93
M1 tloc  0.0   0   2       0.000      20.000 20  
M1 Theta 0.0   0   2       0.000      90.000 20  
M1 Sf2   1.0   0   2       0.000       1.000 20  
M1 Ss2   1.0   1   2       0.000       1.000 20  
M1 te    0.0   0   2       0.000   10000.000 20  
M1 Rex   0.0   1   -1      0.000      20.000 20  

M2 tloc  0.0   0   2       0.000      20.000 20  
M2 Theta 0.0   0   2       0.000      90.000 20  
M2 Sf2   1.0   0   2       0.000       1.000 20  
M2 Ss2   1.0   1   2       0.000       1.000 20  
M2 te    0.0   1   2       0.000   10000.000 20  
M2 Rex   0.0   1   -1      0.000      20.000 20  

spin     GLN_95
M1 tloc  0.0   0   2       0.000      20.000 20  
M1 Theta 0.0   0   2       0.000      90.000 20  
M1 Sf2   1.0   0   2       0.000       1.000 20  
M1 Ss2   1.0   1   2       0.000       1.000 20  
M1 te    0.0   0   2       0.000   10000.000 20  
M1 Rex   0.0   1   -1      0.000      20.000 20  

M2 tloc  0.0   0   2       0.000      20.000 20  
M2 Theta 0.0   0   2       0.000      90.000 20  
M2 Sf2   1.0   0   2       0.000       1.000 20  
M2 Ss2   1.0   1   2       0.000       1.000 20  
M2 te    0.0   1   2       0.000   10000.000 20  
M2 Rex   0.0   1   -1      0.000      20.000 20  

spin     TRP_96
M1 tloc  0.0   0   2       0.000      20.000 20  
M1 Theta 0.0   0   2       0.000      90.000 20  
M1 Sf2   1.0   0   2       0.000       1.000 20  
M1 Ss2   1.0   1   2       0.000       1.000 20  
M1 te    0.0   0   2       0.000   10000.000 20  
M1 Rex   0.0   1   -1      0.000      20.000 20  

M2 tloc  0.0   0   2       0.000      20.000 20  
M2 Theta 0.0   0   2       0.000      90.000 20  
M2 Sf2   1.0   0   2       0.000       1.000 20  
M2 Ss2   1.0   1   2       0.000       1.000 20  
M2 te    0.0   1   2       0.000   10000.000 20  
M2 Rex   0.0   1   -1      0.000      20.000 20  

spin     GLY_97
M1 tloc  0.0   0   2       0.000      20.000 20  
M1 Theta 0.0   0   2       0.000      90.000 20  
M1 Sf2   1.0   0   2       0.000       1.000 20  
M1 Ss2   1.0   1   2       0.000       1.000 20  
M1 te    0.0   0   2       0.000   10000.000 20  
M1 Rex   0.0   1   -1      0.000      20.000 20  

M2 tloc  0.0   0   2       0.000      20.000 20  
M2 Theta 0.0   0   2       0.000      90.000 20  
M2 Sf2   1.0   0   2       0.000       1.000 20  
M2 Ss2   1.0   1   2       0.000       1.000 20  
M2 te    0.0   1   2       0.000   10000.000 20  
M2 Rex   0.0   1   -1      0.000      20.000 20  

spin     SER_98
M1 tloc  0.0   0   2       0.000      20.000 20  
M1 Theta 0.0   0   2       0.000      90.000 20  
M1 Sf2   1.0   0   2       0.000       1.000 20  
M1 Ss2   1.0   1   2       0.000       1.000 20  
M1 te    0.0   0   2       0.000   10000.000 20  
M1 Rex   0.0   1   -1      0.000      20.000 20  

M2 tloc  0.0   0   2       0.000      20.000 20  
M2 Theta 0.0   0   2       0.000      90.000 20  
M2 Sf2   1.0   0   2       0.000       1.000 20  
M2 Ss2   1.0   1   2       0.000       1.000 20  
M2 te    0.0   1   2       0.000   10000.000 20  
M2 Rex   0.0   1   -1      0.000      20.000 20  

spin     TRP_100
M1 tloc  0.0   0   2       0.000      20.000 20  
M1 Theta 0.0   0   2       0.000      90.000 20  
M1 Sf2   1.0   0   2       0.000       1.000 20  
M1 Ss2   1.0   1   2       0.000       1.000 20  
M1 te    0.0   0   2       0.000   10000.000 20  
M1 Rex   0.0   1   -1      0.000      20.000 20  

M2 tloc  0.0   0   2       0.000      20.000 20  
M2 Theta 0.0   0   2       0.000      90.000 20  
M2 Sf2   1.0   0   2       0.000       1.000 20  
M2 Ss2   1.0   1   2       0.000       1.000 20  
M2 te    0.0   1   2       0.000   10000.000 20  
M2 Rex   0.0   1   -1      0.000      20.000 20  

spin     GLY_102
M1 tloc  0.0   0   2       0.000      20.000 20  
M1 Theta 0.0   0   2       0.000      90.000 20  
M1 Sf2   1.0   0   2       0.000       1.000 20  
M1 Ss2   1.0   1   2       0.000       1.000 20  
M1 te    0.0   0   2       0.000   10000.000 20  
M1 Rex   0.0   1   -1      0.000      20.000 20  

M2 tloc  0.0   0   2       0.000      20.000 20  
M2 Theta 0.0   0   2       0.000      90.000 20  
M2 Sf2   1.0   0   2       0.000       1.000 20  
M2 Ss2   1.0   1   2       0.000       1.000 20  
M2 te    0.0   1   2       0.000   10000.000 20  
M2 Rex   0.0   1   -1      0.000      20.000 20  

spin     ALA_104
M1 tloc  0.0   0   2       0.000      20.000 20  
M1 Theta 0.0   0   2       0.000      90.000 20  
M1 Sf2   1.0   0   2       0.000       1.000 20  
M1 Ss2   1.0   1   2       0.000       1.000 20  
M1 te    0.0   0   2       0.000   10000.000 20  
M1 Rex   0.0   1   -1      0.000      20.000 20  

M2 tloc  0.0   0   2       0.000      20.000 20  
M2 Theta 0.0   0   2       0.000      90.000 20  
M2 Sf2   1.0   0   2       0.000       1.000 20  
M2 Ss2   1.0   1   2       0.000       1.000 20  
M2 te    0.0   1   2       0.000   10000.000 20  
M2 Rex   0.0   1   -1      0.000      20.000 20  

spin     GLN_105
M1 tloc  0.0   0   2       0.000      20.000 20  
M1 Theta 0.0   0   2       0.000      90.000 20  
M1 Sf2   1.0   0   2       0.000       1.000 20  
M1 Ss2   1.0   1   2       0.000       1.000 20  
M1 te    0.0   0   2       0.000   10000.000 20  
M1 Rex   0.0   1   -1      0.000      20.000 20  

M2 tloc  0.0   0   2       0.000      20.000 20  
M2 Theta 0.0   0   2       0.000      90.000 20  
M2 Sf2   1.0   0   2       0.000       1.000 20  
M2 Ss2   1.0   1   2       0.000       1.000 20  
M2 te    0.0   1   2       0.000   10000.000 20  
M2 Rex   0.0   1   -1      0.000      20.000 20  

spin     LYS_106
M1 tloc  0.0   0   2       0.000      20.000 20  
M1 Theta 0.0   0   2       0.000      90.000 20  
M1 Sf2   1.0   0   2       0.000       1.000 20  
M1 Ss2   1.0   1   2       0.000       1.000 20  
M1 te    0.0   0   2       0.000   10000.000 20  
M1 Rex   0.0   1   -1      0.000      20.000 20  

M2 tloc  0.0   0   2       0.000      20.000 20  
M2 Theta 0.0   0   2       0.000      90.000 20  
M2 Sf2   1.0   0   2       0.000       1.000 20  
M2 Ss2   1.0   1   2       0.000       1.000 20  
M2 te    0.0   1   2       0.000   10000.000 20  
M2 Rex   0.0   1   -1      0.000      20.000 20  

spin     TRP_107
M1 tloc  0.0   0   2       0.000      20.000 20  
M1 Theta 0.0   0   2       0.000      90.000 20  
M1 Sf2   1.0   0   2       0.000       1.000 20  
M1 Ss2   1.0   1   2       0.000       1.000 20  
M1 te    0.0   0   2       0.000   10000.000 20  
M1 Rex   0.0   1   -1      0.000      20.000 20  

M2 tloc  0.0   0   2       0.000      20.000 20  
M2 Theta 0.0   0   2       0.000      90.000 20  
M2 Sf2   1.0   0   2       0.000       1.000 20  
M2 Ss2   1.0   1   2       0.000       1.000 20  
M2 te    0.0   1   2       0.000   10000.000 20  
M2 Rex   0.0   1   -1      0.000      20.000 20  

spin     PHE_108
M1 tloc  0.0   0   2       0.000      20.000 20  
M1 Theta 0.0   0   2       0.000      90.000 20  
M1 Sf2   1.0   0   2       0.000       1.000 20  
M1 Ss2   1.0   1   2       0.000       1.000 20  
M1 te    0.0   0   2       0.000   10000.000 20  
M1 Rex   0.0   1   -1      0.000      20.000 20  

M2 tloc  0.0   0   2       0.000      20.000 20  
M2 Theta 0.0   0   2       0.000      90.000 20  
M2 Sf2   1.0   0   2       0.000       1.000 20  
M2 Ss2   1.0   1   2       0.000       1.000 20  
M2 te    0.0   1   2       0.000   10000.000 20  
M2 Rex   0.0   1   -1      0.000      20.000 20  

spin     LEU_109
M1 tloc  0.0   0   2       0.000      20.000 20  
M1 Theta 0.0   0   2       0.000      90.000 20  
M1 Sf2   1.0   0   2       0.000       1.000 20  
M1 Ss2   1.0   1   2       0.000       1.000 20  
M1 te    0.0   0   2       0.000   10000.000 20  
M1 Rex   0.0   1   -1      0.000      20.000 20  

M2 tloc  0.0   0   2       0.000      20.000 20  
M2 Theta 0.0   0   2       0.000      90.000 20  
M2 Sf2   1.0   0   2       0.000       1.000 20  
M2 Ss2   1.0   1   2       0.000       1.000 20  
M2 te    0.0   1   2       0.000   10000.000 20  
M2 Rex   0.0   1   -1      0.000      20.000 20  

spin     PHE_110
M1 tloc  0.0   0   2       0.000      20.000 20  
M1 Theta 0.0   0   2       0.000      90.000 20  
M1 Sf2   1.0   0   2       0.000       1.000 20  
M1 Ss2   1.0   1   2       0.000       1.000 20  
M1 te    0.0   0   2       0.000   10000.000 20  
M1 Rex   0.0   1   -1      0.000      20.000 20  

M2 tloc  0.0   0   2       0.000      20.000 20  
M2 Theta 0.0   0   2       0.000      90.000 20  
M2 Sf2   1.0   0   2       0.000       1.000 20  
M2 Ss2   1.0   1   2       0.000       1.000 20  
M2 te    0.0   1   2       0.000   10000.000 20  
M2 Rex   0.0   1   -1      0.000      20.000 20  

spin     LYS_111
M1 tloc  0.0   0   2       0.000      20.000 20  
M1 Theta 0.0   0   2       0.000      90.000 20  
M1 Sf2   1.0   0   2       0.000       1.000 20  
M1 Ss2   1.0   1   2       0.000       1.000 20  
M1 te    0.0   0   2       0.000   10000.000 20  
M1 Rex   0.0   1   -1      0.000      20.000 20  

M2 tloc  0.0   0   2       0.000      20.000 20  
M2 Theta 0.0   0   2       0.000      90.000 20  
M2 Sf2   1.0   0   2       0.000       1.000 20  
M2 Ss2   1.0   1   2       0.000       1.000 20  
M2 te    0.0   1   2       0.000   10000.000 20  
M2 Rex   0.0   1   -1      0.000      20.000 20  

spin     PHE_112
M1 tloc  0.0   0   2       0.000      20.000 20  
M1 Theta 0.0   0   2       0.000      90.000 20  
M1 Sf2   1.0   0   2       0.000       1.000 20  
M1 Ss2   1.0   1   2       0.000       1.000 20  
M1 te    0.0   0   2       0.000   10000.000 20  
M1 Rex   0.0   1   -1      0.000      20.000 20  

M2 tloc  0.0   0   2       0.000      20.000 20  
M2 Theta 0.0   0   2       0.000      90.000 20  
M2 Sf2   1.0   0   2       0.000       1.000 20  
M2 Ss2   1.0   1   2       0.000       1.000 20  
M2 te    0.0   1   2       0.000   10000.000 20  
M2 Rex   0.0   1   -1      0.000      20.000 20  

spin     GLY_114
M1 tloc  0.0   0   2       0.000      20.000 20  
M1 Theta 0.0   0   2       0.000      90.000 20  
M1 Sf2   1.0   0   2       0.000       1.000 20  
M1 Ss2   1.0   1   2       0.000       1.000 20  
M1 te    0.0   0   2       0.000   10000.000 20  
M1 Rex   0.0   1   -1      0.000      20.000 20  

M2 tloc  0.0   0   2       0.000      20.000 20  
M2 Theta 0.0   0   2       0.000      90.000 20  
M2 Sf2   1.0   0   2       0.000       1.000 20  
M2 Ss2   1.0   1   2       0.000       1.000 20  
M2 te    0.0   1   2       0.000   10000.000 20  
M2 Rex   0.0   1   -1      0.000      20.000 20  

spin     GLN_115
M1 tloc  0.0   0   2       0.000      20.000 20  
M1 Theta 0.0   0   2       0.000      90.000 20  
M1 Sf2   1.0   0   2       0.000       1.000 20  
M1 Ss2   1.0   1   2       0.000       1.000 20  
M1 te    0.0   0   2       0.000   10000.000 20  
M1 Rex   0.0   1   -1      0.000      20.000 20  

M2 tloc  0.0   0   2       0.000      20.000 20  
M2 Theta 0.0   0   2       0.000      90.000 20  
M2 Sf2   1.0   0   2       0.000       1.000 20  
M2 Ss2   1.0   1   2       0.000       1.000 20  
M2 te    0.0   1   2       0.000   10000.000 20  
M2 Rex   0.0   1   -1      0.000      20.000 20  

spin     ASP_116
M1 tloc  0.0   0   2       0.000      20.000 20  
M1 Theta 0.0   0   2       0.000      90.000 20  
M1 Sf2   1.0   0   2       0.000       1.000 20  
M1 Ss2   1.0   1   2       0.000       1.000 20  
M1 te    0.0   0   2       0.000   10000.000 20  
M1 Rex   0.0   1   -1      0.000      20.000 20  

M2 tloc  0.0   0   2       0.000      20.000 20  
M2 Theta 0.0   0   2       0.000      90.000 20  
M2 Sf2   1.0   0   2       0.000       1.000 20  
M2 Ss2   1.0   1   2       0.000       1.000 20  
M2 te    0.0   1   2       0.000   10000.000 20  
M2 Rex   0.0   1   -1      0.000      20.000 20  

spin     GLU_118
M1 tloc  0.0   0   2       0.000      20.000 20  
M1 Theta 0.0   0   2       0.000      90.000 20  
M1 Sf2   1.0   0   2       0.000       1.000 20  
M1 Ss2   1.0   1   2       0.000       1.000 20  
M1 te    0.0   0   2       0.000   10000.000 20  
M1 Rex   0.0   1   -1      0.000      20.000 20  

M2 tloc  0.0   0   2       0.000      20.000 20  
M2 Theta 0.0   0   2       0.000      90.000 20  
M2 Sf2   1.0   0   2       0.000       1.000 20  
M2 Ss2   1.0   1   2       0.000       1.000 20  
M2 te    0.0   1   2       0.000   10000.000 20  
M2 Rex   0.0   1   -1      0.000      20.000 20  

spin     ASN_120
M1 tloc  0.0   0   2       0.000      20.000 20  
M1 Theta 0.0   0   2       0.000      90.000 20  
M1 Sf2   1.0   0   2       0.000       1.000 20  
M1 Ss2   1.0   1   2       0.000       1.000 20  
M1 te    0.0   0   2       0.000   10000.000 20  
M1 Rex   0.0   1   -1      0.000      20.000 20  

M2 tloc  0.0   0   2       0.000      20.000 20  
M2 Theta 0.0   0   2       0.000      90.000 20  
M2 Sf2   1.0   0   2       0.000       1.000 20  
M2 Ss2   1.0   1   2       0.000       1.000 20  
M2 te    0.0   1   2       0.000   10000.000 20  
M2 Rex   0.0   1   -1      0.000      20.000 20  

spin     LEU_121
M1 tloc  0.0   0   2       0.000      20.000 20  
M1 Theta 0.0   0   2       0.000      90.000 20  
M1 Sf2   1.0   0   2       0.000       1.000 20  
M1 Ss2   1.0   1   2       0.000       1.000 20  
M1 te    0.0   0   2       0.000   10000.000 20  
M1 Rex   0.0   1   -1      0.000      20.000 20  

M2 tloc  0.0   0   2       0.000      20.000 20  
M2 Theta 0.0   0   2       0.000      90.000 20  
M2 Sf2   1.0   0   2       0.000       1.000 20  
M2 Ss2   1.0   1   2       0.000       1.000 20  
M2 te    0.0   1   2       0.000   10000.000 20  
M2 Rex   0.0   1   -1      0.000      20.000 20  

spin     LEU_122
M1 tloc  0.0   0   2       0.000      20.000 20  
M1 Theta 0.0   0   2       0.000      90.000 20  
M1 Sf2   1.0   0   2       0.000       1.000 20  
M1 Ss2   1.0   1   2       0.000       1.000 20  
M1 te    0.0   0   2       0.000   10000.000 20  
M1 Rex   0.0   1   -1      0.000      20.000 20  

M2 tloc  0.0   0   2       0.000      20.000 20  
M2 Theta 0.0   0   2       0.000      90.000 20  
M2 Sf2   1.0   0   2       0.000       1.000 20  
M2 Ss2   1.0   1   2       0.000       1.000 20  
M2 te    0.0   1   2       0.000   10000.000 20  
M2 Rex   0.0   1   -1      0.000      20.000 20  

spin     GLY_123
M1 tloc  0.0   0   2       0.000      20.000 20  
M1 Theta 0.0   0   2       0.000      90.000 20  
M1 Sf2   1.0   0   2       0.000       1.000 20  
M1 Ss2   1.0   1   2       0.000       1.000 20  
M1 te    0.0   0   2       0.000   10000.000 20  
M1 Rex   0.0   1   -1      0.000      20.000 20  

M2 tloc  0.0   0   2       0.000      20.000 20  
M2 Theta 0.0   0   2       0.000      90.000 20  
M2 Sf2   1.0   0   2       0.000       1.000 20  
M2 Ss2   1.0   1   2       0.000       1.000 20  
M2 te    0.0   1   2       0.000   10000.000 20  
M2 Rex   0.0   1   -1      0.000      20.000 20  

spin     GLY_125
M1 tloc  0.0   0   2       0.000      20.000 20  
M1 Theta 0.0   0   2       0.000      90.000 20  
M1 Sf2   1.0   0   2       0.000       1.000 20  
M1 Ss2   1.0   1   2       0.000       1.000 20  
M1 te    0.0   0   2       0.000   10000.000 20  
M1 Rex   0.0   1   -1      0.000      20.000 20  

M2 tloc  0.0   0   2       0.000      20.000 20  
M2 Theta 0.0   0   2       0.000      90.000 20  
M2 Sf2   1.0   0   2       0.000       1.000 20  
M2 Ss2   1.0   1   2       0.000       1.000 20  
M2 te    0.0   1   2       0.000   10000.000 20  
M2 Rex   0.0   1   -1      0.000      20.000 20  

spin     GLU_127
M1 tloc  0.0   0   2       0.000      20.000 20  
M1 Theta 0.0   0   2       0.000      90.000 20  
M1 Sf2   1.0   0   2       0.000       1.000 20  
M1 Ss2   1.0   1   2       0.000       1.000 20  
M1 te    0.0   0   2       0.000   10000.000 20  
M1 Rex   0.0   1   -1      0.000      20.000 20  

M2 tloc  0.0   0   2       0.000      20.000 20  
M2 Theta 0.0   0   2       0.000      90.000 20  
M2 Sf2   1.0   0   2       0.000       1.000 20  
M2 Ss2   1.0   1   2       0.000       1.000 20  
M2 te    0.0   1   2       0.000   10000.000 20  
M2 Rex   0.0   1   -1      0.000      20.000 20  

spin     LYS_128
M1 tloc  0.0   0   2       0.000      20.000 20  
M1 Theta 0.0   0   2       0.000      90.000 20  
M1 Sf2   1.0   0   2       0.000       1.000 20  
M1 Ss2   1.0   1   2       0.000       1.000 20  
M1 te    0.0   0   2       0.000   10000.000 20  
M1 Rex   0.0   1   -1      0.000      20.000 20  

M2 tloc  0.0   0   2       0.000      20.000 20  
M2 Theta 0.0   0   2       0.000      90.000 20  
M2 Sf2   1.0   0   2       0.000       1.000 20  
M2 Ss2   1.0   1   2       0.000       1.000 20  
M2 te    0.0   1   2       0.000   10000.000 20  
M2 Rex   0.0   1   -1      0.000      20.000 20  

spin     GLU_130
M1 tloc  0.0   0   2       0.000      20.000 20  
M1 Theta 0.0   0   2       0.000      90.000 20  
M1 Sf2   1.0   0   2       0.000       1.000 20  
M1 Ss2   1.0   1   2       0.000       1.000 20  
M1 te    0.0   0   2       0.000   10000.000 20  
M1 Rex   0.0   1   -1      0.000      20.000 20  

M2 tloc  0.0   0   2       0.000      20.000 20  
M2 Theta 0.0   0   2       0.000      90.000 20  
M2 Sf2   1.0   0   2       0.000       1.000 20  
M2 Ss2   1.0   1   2       0.000       1.000 20  
M2 te    0.0   1   2       0.000   10000.000 20  
M2 Rex   0.0   1   -1      0.000      20.000 20  

spin     PHE_131
M1 tloc  0.0   0   2       0.000      20.000 20  
M1 Theta 0.0   0   2       0.000      90.000 20  
M1 Sf2   1.0   0   2       0.000       1.000 20  
M1 Ss2   1.0   1   2       0.000       1.000 20  
M1 te    0.0   0   2       0.000   10000.000 20  
M1 Rex   0.0   1   -1      0.000      20.000 20  

M2 tloc  0.0   0   2       0.000      20.000 20  
M2 Theta 0.0   0   2       0.000      90.000 20  
M2 Sf2   1.0   0   2       0.000       1.000 20  
M2 Ss2   1.0   1   2       0.000       1.000 20  
M2 te    0.0   1   2       0.000   10000.000 20  
M2 Rex   0.0   1   -1      0.000      20.000 20  

spin     GLY_132
M1 tloc  0.0   0   2       0.000      20.000 20  
M1 Theta 0.0   0   2       0.000      90.000 20  
M1 Sf2   1.0   0   2       0.000       1.000 20  
M1 Ss2   1.0   1   2       0.000       1.000 20  
M1 te    0.0   0   2       0.000   10000.000 20  
M1 Rex   0.0   1   -1      0.000      20.000 20  

M2 tloc  0.0   0   2       0.000      20.000 20  
M2 Theta 0.0   0   2       0.000      90.000 20  
M2 Sf2   1.0   0   2       0.000       1.000 20  
M2 Ss2   1.0   1   2       0.000       1.000 20  
M2 te    0.0   1   2       0.000   10000.000 20  
M2 Rex   0.0   1   -1      0.000      20.000 20  

spin     GLU_133
M1 tloc  0.0   0   2       0.000      20.000 20  
M1 Theta 0.0   0   2       0.000      90.000 20  
M1 Sf2   1.0   0   2       0.000       1.000 20  
M1 Ss2   1.0   1   2       0.000       1.000 20  
M1 te    0.0   0   2       0.000   10000.000 20  
M1 Rex   0.0   1   -1      0.000      20.000 20  

M2 tloc  0.0   0   2       0.000      20.000 20  
M2 Theta 0.0   0   2       0.000      90.000 20  
M2 Sf2   1.0   0   2       0.000       1.000 20  
M2 Ss2   1.0   1   2       0.000       1.000 20  
M2 te    0.0   1   2       0.000   10000.000 20  
M2 Rex   0.0   1   -1      0.000      20.000 20  

spin     TRP_134
M1 tloc  0.0   0   2       0.000      20.000 20  
M1 Theta 0.0   0   2       0.000      90.000 20  
M1 Sf2   1.0   0   2       0.000       1.000 20  
M1 Ss2   1.0   1   2       0.000       1.000 20  
M1 te    0.0   0   2       0.000   10000.000 20  
M1 Rex   0.0   1   -1      0.000      20.000 20  

M2 tloc  0.0   0   2       0.000      20.000 20  
M2 Theta 0.0   0   2       0.000      90.000 20  
M2 Sf2   1.0   0   2       0.000       1.000 20  
M2 Ss2   1.0   1   2       0.000       1.000 20  
M2 te    0.0   1   2       0.000   10000.000 20  
M2 Rex   0.0   1   -1      0.000      20.000 20  

spin     SER_135
M1 tloc  0.0   0   2       0.000      20.000 20  
M1 Theta 0.0   0   2       0.000      90.000 20  
M1 Sf2   1.0   0   2       0.000       1.000 20  
M1 Ss2   1.0   1   2       0.000       1.000 20  
M1 te    0.0   0   2       0.000   10000.000 20  
M1 Rex   0.0   1   -1      0.000      20.000 20  

M2 tloc  0.0   0   2       0.000      20.000 20  
M2 Theta 0.0   0   2       0.000      90.000 20  
M2 Sf2   1.0   0   2       0.000       1.000 20  
M2 Ss2   1.0   1   2       0.000       1.000 20  
M2 te    0.0   1   2       0.000   10000.000 20  
M2 Rex   0.0   1   -1      0.000      20.000 20  

spin     VAL_137
M1 tloc  0.0   0   2       0.000      20.000 20  
M1 Theta 0.0   0   2       0.000      90.000 20  
M1 Sf2   1.0   0   2       0.000       1.000 20  
M1 Ss2   1.0   1   2       0.000       1.000 20  
M1 te    0.0   0   2       0.000   10000.000 20  
M1 Rex   0.0   1   -1      0.000      20.000 20  

M2 tloc  0.0   0   2       0.000      20.000 20  
M2 Theta 0.0   0   2       0.000      90.000 20  
M2 Sf2   1.0   0   2       0.000       1.000 20  
M2 Ss2   1.0   1   2       0.000       1.000 20  
M2 te    0.0   1   2       0.000   10000.000 20  
M2 Rex   0.0   1   -1      0.000      20.000 20  

spin     THR_138
M1 tloc  0.0   0   2       0.000      20.000 20  
M1 Theta 0.0   0   2       0.000      90.000 20  
M1 Sf2   1.0   0   2       0.000       1.000 20  
M1 Ss2   1.0   1   2       0.000       1.000 20  
M1 te    0.0   0   2       0.000   10000.000 20  
M1 Rex   0.0   1   -1      0.000      20.000 20  

M2 tloc  0.0   0   2       0.000      20.000 20  
M2 Theta 0.0   0   2       0.000      90.000 20  
M2 Sf2   1.0   0   2       0.000       1.000 20  
M2 Ss2   1.0   1   2       0.000       1.000 20  
M2 te    0.0   1   2       0.000   10000.000 20  
M2 Rex   0.0   1   -1      0.000      20.000 20  

spin     GLU_140
M1 tloc  0.0   0   2       0.000      20.000 20  
M1 Theta 0.0   0   2       0.000      90.000 20  
M1 Sf2   1.0   0   2       0.000       1.000 20  
M1 Ss2   1.0   1   2       0.000       1.000 20  
M1 te    0.0   0   2       0.000   10000.000 20  
M1 Rex   0.0   1   -1      0.000      20.000 20  

M2 tloc  0.0   0   2       0.000      20.000 20  
M2 Theta 0.0   0   2       0.000      90.000 20  
M2 Sf2   1.0   0   2       0.000       1.000 20  
M2 Ss2   1.0   1   2       0.000       1.000 20  
M2 te    0.0   1   2       0.000   10000.000 20  
M2 Rex   0.0   1   -1      0.000      20.000 20  

spin     LEU_142
M1 tloc  0.0   0   2       0.000      20.000 20  
M1 Theta 0.0   0   2       0.000      90.000 20  
M1 Sf2   1.0   0   2       0.000       1.000 20  
M1 Ss2   1.0   1   2       0.000       1.000 20  
M1 te    0.0   0   2       0.000   10000.000 20  
M1 Rex   0.0   1   -1      0.000      20.000 20  

M2 tloc  0.0   0   2       0.000      20.000 20  
M2 Theta 0.0   0   2       0.000      90.000 20  
M2 Sf2   1.0   0   2       0.000       1.000 20  
M2 Ss2   1.0   1   2       0.000       1.000 20  
M2 te    0.0   1   2       0.000   10000.000 20  
M2 Rex   0.0   1   -1      0.000      20.000 20  

spin     ILE_143
M1 tloc  0.0   0   2       0.000      20.000 20  
M1 Theta 0.0   0   2       0.000      90.000 20  
M1 Sf2   1.0   0   2       0.000       1.000 20  
M1 Ss2   1.0   1   2       0.000       1.000 20  
M1 te    0.0   0   2       0.000   10000.000 20  
M1 Rex   0.0   1   -1      0.000      20.000 20  

M2 tloc  0.0   0   2       0.000      20.000 20  
M2 Theta 0.0   0   2       0.000      90.000 20  
M2 Sf2   1.0   0   2       0.000       1.000 20  
M2 Ss2   1.0   1   2       0.000       1.000 20  
M2 te    0.0   1   2       0.000   10000.000 20  
M2 Rex   0.0   1   -1      0.000      20.000 20  

spin     THR_146
M1 tloc  0.0   0   2       0.000      20.000 20  
M1 Theta 0.0   0   2       0.000      90.000 20  
M1 Sf2   1.0   0   2       0.000       1.000 20  
M1 Ss2   1.0   1   2       0.000       1.000 20  
M1 te    0.0   0   2       0.000   10000.000 20  
M1 Rex   0.0   1   -1      0.000      20.000 20  

M2 tloc  0.0   0   2       0.000      20.000 20  
M2 Theta 0.0   0   2       0.000      90.000 20  
M2 Sf2   1.0   0   2       0.000       1.000 20  
M2 Ss2   1.0   1   2       0.000       1.000 20  
M2 te    0.0   1   2       0.000   10000.000 20  
M2 Rex   0.0   1   -1      0.000      20.000 20  

spin     GLU_148
M1 tloc  0.0   0   2       0.000      20.000 20  
M1 Theta 0.0   0   2       0.000      90.000 20  
M1 Sf2   1.0   0   2       0.000       1.000 20  
M1 Ss2   1.0   1   2       0.000       1.000 20  
M1 te    0.0   0   2       0.000   10000.000 20  
M1 Rex   0.0   1   -1      0.000      20.000 20  

M2 tloc  0.0   0   2       0.000      20.000 20  
M2 Theta 0.0   0   2       0.000      90.000 20  
M2 Sf2   1.0   0   2       0.000       1.000 20  
M2 Ss2   1.0   1   2       0.000       1.000 20  
M2 te    0.0   1   2       0.000   10000.000 20  
M2 Rex   0.0   1   -1      0.000      20.000 20  

spin     PHE_149
M1 tloc  0.0   0   2       0.000      20.000 20  
M1 Theta 0.0   0   2       0.000      90.000 20  
M1 Sf2   1.0   0   2       0.000       1.000 20  
M1 Ss2   1.0   1   2       0.000       1.000 20  
M1 te    0.0   0   2       0.000   10000.000 20  
M1 Rex   0.0   1   -1      0.000      20.000 20  

M2 tloc  0.0   0   2       0.000      20.000 20  
M2 Theta 0.0   0   2       0.000      90.000 20  
M2 Sf2   1.0   0   2       0.000       1.000 20  
M2 Ss2   1.0   1   2       0.000       1.000 20  
M2 te    0.0   1   2       0.000   10000.000 20  
M2 Rex   0.0   1   -1      0.000      20.000 20  

spin     LYS_150
M1 tloc  0.0   0   2       0.000      20.000 20  
M1 Theta 0.0   0   2       0.000      90.000 20  
M1 Sf2   1.0   0   2       0.000       1.000 20  
M1 Ss2   1.0   1   2       0.000       1.000 20  
M1 te    0.0   0   2       0.000   10000.000 20  
M1 Rex   0.0   1   -1      0.000      20.000 20  

M2 tloc  0.0   0   2       0.000      20.000 20  
M2 Theta 0.0   0   2       0.000      90.000 20  
M2 Sf2   1.0   0   2       0.000       1.000 20  
M2 Ss2   1.0   1   2       0.000       1.000 20  
M2 te    0.0   1   2       0.000   10000.000 20  
M2 Rex   0.0   1   -1      0.000      20.000 20  

spin     LYS_151
M1 tloc  0.0   0   2       0.000      20.000 20  
M1 Theta 0.0   0   2       0.000      90.000 20  
M1 Sf2   1.0   0   2       0.000       1.000 20  
M1 Ss2   1.0   1   2       0.000       1.000 20  
M1 te    0.0   0   2       0.000   10000.000 20  
M1 Rex   0.0   1   -1      0.000      20.000 20  

M2 tloc  0.0   0   2       0.000      20.000 20  
M2 Theta 0.0   0   2       0.000      90.000 20  
M2 Sf2   1.0   0   2       0.000       1.000 20  
M2 Ss2   1.0   1   2       0.000       1.000 20  
M2 te    0.0   1   2       0.000   10000.000 20  
M2 Rex   0.0   1   -1      0.000      20.000 20  

spin     VAL_153
M1 tloc  0.0   0   2       0.000      20.000 20  
M1 Theta 0.0   0   2       0.000      90.000 20  
M1 Sf2   1.0   0   2       0.000       1.000 20  
M1 Ss2   1.0   1   2       0.000       1.000 20  
M1 te    0.0   0   2       0.000   10000.000 20  
M1 Rex   0.0   1   -1      0.000      20.000 20  

M2 tloc  0.0   0   2       0.000      20.000 20  
M2 Theta 0.0   0   2       0.000      90.000 20  
M2 Sf2   1.0   0   2       0.000       1.000 20  
M2 Ss2   1.0   1   2       0.000       1.000 20  
M2 te    0.0   1   2       0.000   10000.000 20  
M2 Rex   0.0   1   -1      0.000      20.000 20  

spin     TYR_154
M1 tloc  0.0   0   2       0.000      20.000 20  
M1 Theta 0.0   0   2       0.000      90.000 20  
M1 Sf2   1.0   0   2       0.000       1.000 20  
M1 Ss2   1.0   1   2       0.000       1.000 20  
M1 te    0.0   0   2       0.000   10000.000 20  
M1 Rex   0.0   1   -1      0.000      20.000 20  

M2 tloc  0.0   0   2       0.000      20.000 20  
M2 Theta 0.0   0   2       0.000      90.000 20  
M2 Sf2   1.0   0   2       0.000       1.000 20  
M2 Ss2   1.0   1   2       0.000       1.000 20  
M2 te    0.0   1   2       0.000   10000.000 20  
M2 Rex   0.0   1   -1      0.000      20.000 20  

spin     LYS_155
M1 tloc  0.0   0   2       0.000      20.000 20  
M1 Theta 0.0   0   2       0.000      90.000 20  
M1 Sf2   1.0   0   2       0.000       1.000 20  
M1 Ss2   1.0   1   2       0.000       1.000 20  
M1 te    0.0   0   2       0.000   10000.000 20  
M1 Rex   0.0   1   -1      0.000      20.000 20  

M2 tloc  0.0   0   2       0.000      20.000 20  
M2 Theta 0.0   0   2       0.000      90.000 20  
M2 Sf2   1.0   0   2       0.000       1.000 20  
M2 Ss2   1.0   1   2       0.000       1.000 20  
M2 te    0.0   1   2       0.000   10000.000 20  
M2 Rex   0.0   1   -1      0.000      20.000 20  

spin     GLU_156
M1 tloc  0.0   0   2       0.000      20.000 20  
M1 Theta 0.0   0   2       0.000      90.000 20  
M1 Sf2   1.0   0   2       0.000       1.000 20  
M1 Ss2   1.0   1   2       0.000       1.000 20  
M1 te    0.0   0   2       0.000   10000.000 20  
M1 Rex   0.0   1   -1      0.000      20.000 20  

M2 tloc  0.0   0   2       0.000      20.000 20  
M2 Theta 0.0   0   2       0.000      90.000 20  
M2 Sf2   1.0   0   2       0.000       1.000 20  
M2 Ss2   1.0   1   2       0.000       1.000 20  
M2 te    0.0   1   2       0.000   10000.000 20  
M2 Rex   0.0   1   -1      0.000      20.000 20  

spin     VAL_157
M1 tloc  0.0   0   2       0.000      20.000 20  
M1 Theta 0.0   0   2       0.000      90.000 20  
M1 Sf2   1.0   0   2       0.000       1.000 20  
M1 Ss2   1.0   1   2       0.000       1.000 20  
M1 te    0.0   0   2       0.000   10000.000 20  
M1 Rex   0.0   1   -1      0.000      20.000 20  

M2 tloc  0.0   0   2       0.000      20.000 20  
M2 Theta 0.0   0   2       0.000      90.000 20  
M2 Sf2   1.0   0   2       0.000       1.000 20  
M2 Ss2   1.0   1   2       0.000       1.000 20  
M2 te    0.0   1   2       0.000   10000.000 20  
M2 Rex   0.0   1   -1      0.000      20.000 20  

spin     LEU_158
M1 tloc  0.0   0   2       0.000      20.000 20  
M1 Theta 0.0   0   2       0.000      90.000 20  
M1 Sf2   1.0   0   2       0.000       1.000 20  
M1 Ss2   1.0   1   2       0.000       1.000 20  
M1 te    0.0   0   2       0.000   10000.000 20  
M1 Rex   0.0   1   -1      0.000      20.000 20  

M2 tloc  0.0   0   2       0.000      20.000 20  
M2 Theta 0.0   0   2       0.000      90.000 20  
M2 Sf2   1.0   0   2       0.000       1.000 20  
M2 Ss2   1.0   1   2       0.000       1.000 20  
M2 te    0.0   1   2       0.000   10000.000 20  
M2 Rex   0.0   1   -1      0.000      20.000 20  

spin     SER_159
M1 tloc  0.0   0   2       0.000      20.000 20  
M1 Theta 0.0   0   2       0.000      90.000 20  
M1 Sf2   1.0   0   2       0.000       1.000 20  
M1 Ss2   1.0   1   2       0.000       1.000 20  
M1 te    0.0   0   2       0.000   10000.000 20  
M1 Rex   0.0   1   -1      0.000      20.000 20  

M2 tloc  0.0   0   2       0.000      20.000 20  
M2 Theta 0.0   0   2       0.000      90.000 20  
M2 Sf2   1.0   0   2       0.000       1.000 20  
M2 Ss2   1.0   1   2       0.000       1.000 20  
M2 te    0.0   1   2       0.000   10000.000 20  
M2 Rex   0.0   1   -1      0.000      20.000 20  

spin     VAL_160
M1 tloc  0.0   0   2       0.000      20.000 20  
M1 Theta 0.0   0   2       0.000      90.000 20  
M1 Sf2   1.0   0   2       0.000       1.000 20  
M1 Ss2   1.0   1   2       0.000       1.000 20  
M1 te    0.0   0   2       0.000   10000.000 20  
M1 Rex   0.0   1   -1      0.000      20.000 20  

M2 tloc  0.0   0   2       0.000      20.000 20  
M2 Theta 0.0   0   2       0.000      90.000 20  
M2 Sf2   1.0   0   2       0.000       1.000 20  
M2 Ss2   1.0   1   2       0.000       1.000 20  
M2 te    0.0   1   2       0.000   10000.000 20  
M2 Rex   0.0   1   -1      0.000      20.000 20  

spin     PHE_161
M1 tloc  0.0   0   2       0.000      20.000 20  
M1 Theta 0.0   0   2       0.000      90.000 20  
M1 Sf2   1.0   0   2       0.000       1.000 20  
M1 Ss2   1.0   1   2       0.000       1.000 20  
M1 te    0.0   0   2       0.000   10000.000 20  
M1 Rex   0.0   1   -1      0.000      20.000 20  

M2 tloc  0.0   0   2       0.000      20.000 20  
M2 Theta 0.0   0   2       0.000      90.000 20  
M2 Sf2   1.0   0   2       0.000       1.000 20  
M2 Ss2   1.0   1   2       0.000       1.000 20  
M2 te    0.0   1   2       0.000   10000.000 20  
M2 Rex   0.0   1   -1      0.000      20.000 20  

spin     ALA_162
M1 tloc  0.0   0   2       0.000      20.000 20  
M1 Theta 0.0   0   2       0.000      90.000 20  
M1 Sf2   1.0   0   2       0.000       1.000 20  
M1 Ss2   1.0   1   2       0.000       1.000 20  
M1 te    0.0   0   2       0.000   10000.000 20  
M1 Rex   0.0   1   -1      0.000      20.000 20  

M2 tloc  0.0   0   2       0.000      20.000 20  
M2 Theta 0.0   0   2       0.000      90.000 20  
M2 Sf2   1.0   0   2       0.000       1.000 20  
M2 Ss2   1.0   1   2       0.000       1.000 20  
M2 te    0.0   1   2       0.000   10000.000 20  
M2 Rex   0.0   1   -1      0.000      20.000 20  

spin     HIS_164
M1 tloc  0.0   0   2       0.000      20.000 20  
M1 Theta 0.0   0   2       0.000      90.000 20  
M1 Sf2   1.0   0   2       0.000       1.000 20  
M1 Ss2   1.0   1   2       0.000       1.000 20  
M1 te    0.0   0   2       0.000   10000.000 20  
M1 Rex   0.0   1   -1      0.000      20.000 20  

M2 tloc  0.0   0   2       0.000      20.000 20  
M2 Theta 0.0   0   2       0.000      90.000 20  
M2 Sf2   1.0   0   2       0.000       1.000 20  
M2 Ss2   1.0   1   2       0.000       1.000 20  
M2 te    0.0   1   2       0.000   10000.000 20  
M2 Rex   0.0   1   -1      0.000      20.000 20  

spin     LEU_165
M1 tloc  0.0   0   2       0.000      20.000 20  
M1 Theta 0.0   0   2       0.000      90.000 20  
M1 Sf2   1.0   0   2       0.000       1.000 20  
M1 Ss2   1.0   1   2       0.000       1.000 20  
M1 te    0.0   0   2       0.000   10000.000 20  
M1 Rex   0.0   1   -1      0.000      20.000 20  

M2 tloc  0.0   0   2       0.000      20.000 20  
M2 Theta 0.0   0   2       0.000      90.000 20  
M2 Sf2   1.0   0   2       0.000       1.000 20  
M2 Ss2   1.0   1   2       0.000       1.000 20  
M2 te    0.0   1   2       0.000   10000.000 20  
M2 Rex   0.0   1   -1      0.000      20.000 20  
