
spin     GLY_4
R1     600           1.2784    0.0138 1  
R2     600          10.2234    0.0916 1  
NOE    600           0.1308    0.0193 1  
R1     500           1.4227    0.0148 1  
NOE    500           0.1016   0.02796 1  

spin     SER_5
R1     600            1.232    0.0093 1  
R2     600           11.285     0.078 1  
NOE    600           0.3488   0.01773 1  
R1     500           1.4284     0.012 1  
NOE    500           0.3152    0.0266 1  

spin     MET_6
R1     600           1.3017    0.0143 1  
R2     600          11.4054    0.1062 1  
NOE    600           0.3838   0.02305 1  
R1     500           1.5227     0.018 1  
NOE    500           0.3119   0.03603 1  

spin     ASP_7
R1     600           1.2591    0.0154 1  
R2     600          12.7516    0.1447 1  
NOE    600           0.5637   0.03229 1  
R1     500           1.4904    0.0211 1  
NOE    500           0.5623    0.0491 1  

spin     SER_8
R1     600           1.2006    0.0112 1  
R2     600          13.3449    0.1165 1  
NOE    600           0.6344   0.02572 1  
R1     500           1.4284    0.0149 1  
NOE    500           0.5967   0.03784 1  

spin     GLY_12
R1     600           1.1479    0.0232 1  
R2     600          14.8028    0.2848 1  
NOE    600           0.7587   0.05513 1  
R1     500           1.4317    0.0348 1  
NOE    500           0.7927   0.09111 1  

spin     TYR_13
R1     600           1.1841    0.0163 1  
R2     600           15.989    0.2146 1  
NOE    600           0.8012   0.04243 1  
R1     500            1.418    0.0203 1  
NOE    500           0.6956    0.0546 1  

spin     ARG_14
R1     600           1.1635    0.0265 1  
R2     600          14.5073     0.329 1  
NOE    600            0.868   0.06368 1  
R1     500           1.4289    0.0355 1  
NOE    500            0.738   0.08551 1  

spin     ARG_15
R1     600           1.1574    0.0278 1  
R2     600          15.7227    0.4013 1  
NOE    600            0.808   0.07244 1  
R1     500            1.467     0.043 1  
NOE    500           0.7042   0.09335 1  

spin     ASN_16
R1     600           1.1611    0.0379 1  
R2     600          17.3338     0.562 1  
NOE    600             0.87   0.08373 1  
R1     500           1.4099    0.0477 1  
NOE    500           0.7557    0.1255 1  

spin     VAL_17
R1     600           1.2075    0.0254 1  
R2     600          16.0841    0.3332 1  
NOE    600           0.8671   0.05705 1  
R1     500           1.4286    0.0315 1  
NOE    500           0.7802   0.08022 1  

spin     CYS_20
R1     600            1.188    0.0227 1  
R2     600          14.5899    0.2524 1  
NOE    600           0.8289    0.0488 1  
R1     500           1.4585    0.0283 1  
NOE    500           0.8926   0.08054 1  

spin     LEU_21
R1     600           1.1627    0.0314 1  
R2     600          15.8317    0.4241 1  
NOE    600           0.8036   0.06263 1  
R1     500           1.3809    0.0408 1  
NOE    500           0.7215   0.09423 1  

spin     MET_22
R1     600           1.2215    0.0193 1  
R2     600          14.7305     0.231 1  
NOE    600           0.7982   0.04135 1  
R1     500           1.5072    0.0264 1  
NOE    500           0.7779   0.06072 1  

spin     ASN_24
R1     600           1.1136    0.0138 1  
R2     600          14.5299    0.1715 1  
NOE    600           0.7678   0.03372 1  
R1     500              1.4    0.0198 1  
NOE    500           0.7277   0.04967 1  

spin     ASP_25
R1     600           1.0933    0.0092 1  
R2     600          14.1951    0.1084 1  
NOE    600           0.7864    0.0234 1  
R1     500            1.328    0.0131 1  
NOE    500           0.7335   0.03773 1  

spin     LYS_26
R1     600           1.2286    0.0138 1  
R2     600          13.7816    0.1527 1  
NOE    600           0.8266   0.03583 1  
R1     500           1.4789    0.0201 1  
NOE    500           0.7864   0.05294 1  

spin     LYS_27
R1     600           1.1508    0.0116 1  
R2     600          14.7272    0.1476 1  
NOE    600           0.8193   0.02961 1  
R1     500           1.3827    0.0154 1  
NOE    500           0.7987    0.0453 1  

spin     ILE_28
R1     600           1.1553    0.0205 1  
R2     600          14.9093    0.2495 1  
NOE    600           0.7786   0.04473 1  
R1     500            1.445     0.029 1  
NOE    500           0.8339   0.08117 1  

spin     PHE_29
R1     600           1.2093    0.0269 1  
R2     600          14.7924    0.2812 1  
NOE    600           0.9082   0.05906 1  
R1     500           1.5006    0.0372 1  
NOE    500           0.8206   0.08571 1  

spin     ALA_30
R1     600           1.1125     0.017 1  
R2     600          16.2044    0.2549 1  
NOE    600           0.8688   0.04715 1  
R1     500           1.4089    0.0241 1  
NOE    500           0.8135   0.06738 1  

spin     SER_32
R1     600           1.1426    0.0168 1  
R2     600          16.0759    0.2381 1  
NOE    600           0.8322   0.04507 1  
R1     500           1.4019    0.0242 1  
NOE    500           0.7744   0.07002 1  

spin     ARG_33
R1     600           1.2109    0.0213 1  
R2     600          14.1996    0.2524 1  
NOE    600           0.7825   0.05367 1  
R1     500           1.4308    0.0312 1  
NOE    500           0.7284   0.08317 1  

spin     LEU_34
R1     600           1.2159    0.0229 1  
R2     600          17.1541    0.3401 1  
NOE    600           0.7918   0.05656 1  
R1     500           1.4944    0.0366 1  
NOE    500           0.6532   0.08222 1  

spin     ASP_35
R1     600           1.1986    0.0225 1  
R2     600          15.4914    0.2837 1  
NOE    600           0.7448   0.06471 1  
R1     500           1.4552    0.0368 1  
NOE    500           0.5796   0.07822 1  

spin     ILE_36
R1     600           1.1122    0.0131 1  
R2     600          15.9042     0.184 1  
NOE    600           0.6649   0.03359 1  
R1     500           1.3062    0.0191 1  
NOE    500           0.6666   0.05175 1  

spin     ASP_38
R1     600           1.1294    0.0134 1  
R2     600          14.1546     0.162 1  
NOE    600           0.6127   0.03295 1  
R1     500           1.3459    0.0179 1  
NOE    500           0.6123   0.05324 1  

spin     ALA_39
R1     600           1.1769    0.0121 1  
R2     600          13.7834    0.1322 1  
NOE    600            0.674   0.03005 1  
R1     500            1.402     0.017 1  
NOE    500           0.6373   0.04483 1  

spin     TRP_40
R1     600            1.138    0.0169 1  
R2     600          13.1226      0.17 1  
NOE    600           0.7062   0.04638 1  
R1     500           1.3911    0.0264 1  
NOE    500           0.7022   0.06983 1  

spin     GLN_41
R1     600           1.1552    0.0184 1  
R2     600          15.5889    0.2484 1  
NOE    600           0.8065   0.04333 1  
R1     500           1.4094    0.0254 1  
NOE    500           0.8265   0.07995 1  

spin     MET_42
R1     600           1.2038    0.0257 1  
R2     600          16.4369    0.3599 1  
NOE    600           0.8434    0.0585 1  
R1     500           1.4439    0.0309 1  
NOE    500           0.6892   0.06796 1  

spin     GLY_45
R1     600            1.246     0.028 1  
R2     600          16.9549     0.419 1  
NOE    600           0.8386   0.05838 1  
R1     500           1.4895     0.033 1  
NOE    500           0.7915    0.0895 1  

spin     GLY_46
R1     600           1.1693    0.0249 1  
R2     600          14.4702     0.266 1  
NOE    600           0.7763   0.05548 1  
R1     500           1.4272    0.0246 1  
NOE    500           0.7038   0.06961 1  

spin     ILE_47
R1     600           1.0848    0.0192 1  
R2     600            14.44    0.2596 1  
NOE    600           0.7623   0.05195 1  
R1     500           1.3208    0.0271 1  
NOE    500           0.7482   0.08242 1  

spin     ASP_48
R1     600           1.0927      0.02 1  
R2     600           15.407    0.2658 1  
NOE    600             0.87   0.05707 1  
R1     500           1.3424    0.0266 1  
NOE    500           0.7618   0.07453 1  

spin     GLU_49
R1     600           1.1091    0.0087 1  
R2     600          13.5051    0.0935 1  
NOE    600           0.7642   0.02215 1  
R1     500           1.3662    0.0117 1  
NOE    500           0.7661   0.03777 1  

spin     GLY_50
R1     600            1.077    0.0181 1  
R2     600           13.962    0.2058 1  
NOE    600           0.6719     0.039 1  
R1     500           1.3487    0.0235 1  
NOE    500           0.6727   0.06334 1  

spin     GLU_51
R1     600           1.1367    0.0089 1  
R2     600          15.1048    0.1095 1  
NOE    600           0.8138    0.0228 1  
R1     500           1.3865    0.0116 1  
NOE    500            0.785   0.03565 1  

spin     ASP_52
R1     600           1.1619     0.013 1  
R2     600          13.4097    0.1456 1  
NOE    600           0.6949   0.03204 1  
R1     500           1.3982    0.0183 1  
NOE    500           0.6936   0.04693 1  

spin     ASN_55
R1     600           1.0983    0.0126 1  
R2     600          14.7193    0.1522 1  
NOE    600           0.7441   0.03007 1  
R1     500           1.3312    0.0183 1  
NOE    500            0.893   0.05838 1  

spin     ALA_56
R1     600           1.2106    0.0144 1  
R2     600          15.1541    0.1816 1  
NOE    600           0.8142    0.0347 1  
R1     500           1.4589    0.0196 1  
NOE    500           0.7545   0.04763 1  

spin     ALA_57
R1     600           1.2224    0.0109 1  
R2     600           15.198    0.1347 1  
NOE    600           0.8478    0.0265 1  
R1     500           1.4884     0.013 1  
NOE    500           0.7385   0.03254 1  

spin     ILE_58
R1     600           1.1624    0.0187 1  
R2     600          15.0569     0.214 1  
NOE    600           0.8079   0.04166 1  
R1     500           1.4478    0.0259 1  
NOE    500           0.7679   0.06151 1  

spin     ARG_59
R1     600            1.194    0.0144 1  
R2     600           15.909    0.1865 1  
NOE    600           0.8819   0.03704 1  
R1     500           1.4655    0.0228 1  
NOE    500            0.806   0.05184 1  

spin     GLU_60
R1     600           1.2125    0.0247 1  
R2     600          16.1222    0.3122 1  
NOE    600           0.8722   0.04882 1  
R1     500           1.4718    0.0272 1  
NOE    500           0.8157   0.07176 1  

spin     LEU_61
R1     600           1.2177    0.0141 1  
R2     600          15.8385    0.1799 1  
NOE    600           0.8532   0.03333 1  
R1     500           1.4942    0.0212 1  
NOE    500           0.8071   0.05095 1  

spin     ARG_62
R1     600           1.2101    0.0166 1  
R2     600          15.7015    0.2054 1  
NOE    600           0.8053   0.03557 1  
R1     500           1.4645     0.022 1  
NOE    500           0.7563   0.05536 1  

spin     GLU_63
R1     600           1.2065    0.0186 1  
R2     600          16.0443    0.2633 1  
NOE    600           0.8559   0.04338 1  
R1     500            1.442    0.0247 1  
NOE    500           0.8712   0.07296 1  

spin     GLU_64
R1     600           1.2088     0.021 1  
R2     600          15.0778    0.2596 1  
NOE    600           0.8347   0.04693 1  
R1     500           1.4767    0.0255 1  
NOE    500           0.7465   0.06245 1  

spin     THR_65
R1     600           1.1968    0.0282 1  
R2     600          14.6842     0.337 1  
NOE    600           0.8408   0.06271 1  
R1     500           1.4408    0.0379 1  
NOE    500           0.8578   0.10009 1  

spin     VAL_67
R1     600           1.1703    0.0165 1  
R2     600          15.4979    0.2092 1  
NOE    600           0.8587   0.03979 1  
R1     500           1.4058    0.0237 1  
NOE    500           0.7888   0.05796 1  

spin     THR_68
R1     600           1.1208     0.031 1  
R2     600          15.8723    0.4044 1  
NOE    600           0.7429   0.06345 1  
R1     500           1.3521    0.0411 1  
NOE    500           0.6166   0.08889 1  

spin     SER_69
R1     600           1.1152    0.0269 1  
R2     600           14.525    0.3262 1  
NOE    600           0.8811     0.068 1  
R1     500           1.3634    0.0396 1  
NOE    500           0.9039    0.1095 1  

spin     ALA_70
R1     600           1.1282    0.0085 1  
R2     600          13.3836    0.0919 1  
NOE    600           0.8343   0.02269 1  
R1     500           1.3778    0.0121 1  
NOE    500           0.7702    0.0336 1  

spin     GLU_71
R1     600           1.1168    0.0116 1  
R2     600          13.8385    0.1319 1  
NOE    600           0.8528   0.03429 1  
R1     500           1.3846    0.0168 1  
NOE    500           0.7325   0.04629 1  

spin     VAL_72
R1     600           1.1138    0.0103 1  
R2     600          12.5444    0.1031 1  
NOE    600           0.8147   0.02842 1  
R1     500           1.3771    0.0122 1  
NOE    500             0.72   0.03719 1  

spin     ILE_73
R1     600              1.2    0.0256 1  
R2     600           14.072    0.3049 1  
NOE    600           0.8144   0.05904 1  
R1     500           1.4824    0.0378 1  
NOE    500           0.6824   0.08031 1  

spin     ALA_74
R1     600           1.1881    0.0127 1  
R2     600           14.555    0.1489 1  
NOE    600           0.8799   0.03177 1  
R1     500           1.4775    0.0175 1  
NOE    500           0.7499   0.04253 1  

spin     GLU_75
R1     600           1.1085    0.0105 1  
R2     600          14.5878    0.1228 1  
NOE    600           0.8115   0.02821 1  
R1     500           1.3617    0.0144 1  
NOE    500           0.7556   0.04353 1  

spin     VAL_76
R1     600           1.1991    0.0194 1  
R2     600          14.6692    0.2349 1  
NOE    600           0.8053   0.04767 1  
R1     500           1.4541    0.0288 1  
NOE    500           0.8798   0.08759 1  

spin     TYR_78
R1     600            0.902    0.0063 1  
R2     600          12.0377    0.0773 1  
NOE    600           0.7119   0.02182 1  
R1     500           1.0427    0.0081 1  
NOE    500           0.6861   0.03191 1  

spin     TRP_79
R1     600            1.082    0.0232 1  
R2     600          15.8448     0.294 1  
NOE    600           0.8078   0.05465 1  
R1     500           1.3899    0.0348 1  
NOE    500           0.7022   0.07926 1  

spin     LEU_80
R1     600           1.1205    0.0232 1  
R2     600          15.0759    0.3102 1  
NOE    600           0.7637   0.05911 1  
R1     500           1.4261     0.039 1  
NOE    500           0.8047   0.10514 1  

spin     THR_81
R1     600           1.1437    0.0178 1  
R2     600          15.1278     0.223 1  
NOE    600           0.7991   0.05163 1  
R1     500           1.3647    0.0256 1  
NOE    500           0.8052   0.08352 1  

spin     ASP_83
R1     600           1.2291    0.0257 1  
R2     600          18.0384     0.394 1  
NOE    600           0.7706   0.05817 1  
R1     500            1.439    0.0345 1  
NOE    500           0.7587   0.08517 1  

spin     PHE_84
R1     600            1.193    0.0249 1  
R2     600          15.0855    0.2945 1  
NOE    600           0.6966   0.05264 1  
R1     500           1.4122    0.0304 1  
NOE    500            0.632   0.07558 1  

spin     LYS_87
R1     600           1.2202    0.0407 1  
R2     600          18.6614    0.6477 1  
NOE    600           0.8728   0.10782 1  
R1     500           1.4429    0.0582 1  
NOE    500           0.7728   0.14427 1  

spin     VAL_88
R1     600           1.2689    0.0306 1  
R2     600          14.1359    0.3089 1  
NOE    600           0.7211   0.05499 1  
R1     500           1.4794    0.0362 1  
NOE    500           0.5853   0.07513 1  

spin     ARG_89
R1     600           1.3033    0.0203 1  
R2     600          16.7998    0.2513 1  
NOE    600           0.6571   0.04147 1  
R1     500           1.5766    0.0275 1  
NOE    500           0.6771   0.06413 1  

spin     GLU_90
R1     600           1.3226    0.0189 1  
R2     600          16.8971    0.2501 1  
NOE    600           0.6818   0.04277 1  
R1     500           1.5482     0.026 1  
NOE    500           0.5932    0.0563 1  

spin     LYS_91
R1     600           1.2886    0.0221 1  
R2     600          14.1648    0.2232 1  
NOE    600           0.7119    0.0499 1  
R1     500           1.5543    0.0254 1  
NOE    500           0.6503   0.06358 1  

spin     ASN_93
R1     600           1.3127    0.0157 1  
R2     600          16.0095    0.1906 1  
NOE    600           0.6754   0.03017 1  
R1     500           1.5759    0.0194 1  
NOE    500           0.6475   0.04816 1  

spin     GLN_95
R1     600           1.3706    0.0687 1  
R2     600          31.5332    2.2554 1  
NOE    600           0.6743   0.14736 1  
R1     500           1.5165    0.0933 1  
NOE    500            0.717   0.21506 1  

spin     TRP_96
R1     600            1.133    0.0092 1  
R2     600           16.135    0.1178 1  
NOE    600           0.7591   0.02197 1  
R1     500           1.3786    0.0119 1  
NOE    500           0.7446   0.03377 1  

spin     GLY_97
R1     600           1.2769    0.0265 1  
R2     600          14.1243    0.2877 1  
NOE    600           0.5948   0.05718 1  
R1     500           1.5106    0.0373 1  
NOE    500           0.6043   0.07474 1  

spin     SER_98
R1     600           1.2634    0.0305 1  
R2     600          16.0213    0.3525 1  
NOE    600           0.6094   0.05868 1  
R1     500           1.4374     0.028 1  
NOE    500           0.6219   0.07318 1  

spin     TRP_100
R1     600           1.1457    0.0551 1  
R2     600          24.2102     1.291 1  
NOE    600           0.5417   0.10795 1  
R1     500           1.3967     0.056 1  
NOE    500           0.5533   0.12955 1  

spin     GLY_102
R1     600           1.2432    0.0319 1  
R2     600          16.5084    0.4317 1  
NOE    600            0.892   0.08162 1  
R1     500           1.4309    0.0387 1  
NOE    500           0.8644    0.1128 1  

spin     ALA_104
R1     600           1.1758    0.0268 1  
R2     600          14.7442    0.3367 1  
NOE    600            0.853   0.07073 1  
R1     500           1.4377    0.0393 1  
NOE    500           0.6823   0.08706 1  

spin     GLN_105
R1     600           1.1551    0.0248 1  
R2     600          14.6981    0.2686 1  
NOE    600           0.8829   0.06637 1  
R1     500           1.3603    0.0346 1  
NOE    500           0.7677   0.08916 1  

spin     LYS_106
R1     600           1.2144    0.0293 1  
R2     600           16.216    0.3898 1  
NOE    600           0.8494   0.07439 1  
R1     500           1.4807    0.0448 1  
NOE    500           0.8467    0.1115 1  

spin     TRP_107
R1     600           1.1457    0.0283 1  
R2     600          14.6926    0.3374 1  
NOE    600           0.8726   0.07946 1  
R1     500           1.4698    0.0509 1  
NOE    500           0.8068   0.11791 1  

spin     PHE_108
R1     600           1.1546    0.0194 1  
R2     600          14.5981    0.2412 1  
NOE    600           0.8988   0.04946 1  
R1     500              1.4    0.0278 1  
NOE    500           0.8025   0.06588 1  

spin     LEU_109
R1     600           1.1478     0.019 1  
R2     600          14.2642    0.2082 1  
NOE    600           0.8483   0.04414 1  
R1     500           1.4208    0.0254 1  
NOE    500           0.8783   0.06969 1  

spin     PHE_110
R1     600           1.1664    0.0245 1  
R2     600          14.3683    0.2823 1  
NOE    600           0.8364     0.053 1  
R1     500            1.398    0.0351 1  
NOE    500           0.8842   0.09187 1  

spin     LYS_111
R1     600           1.1523    0.0172 1  
R2     600          14.2661    0.1927 1  
NOE    600           0.8363   0.04057 1  
R1     500           1.4166    0.0238 1  
NOE    500           0.8339   0.06839 1  

spin     PHE_112
R1     600           1.2021    0.0193 1  
R2     600           14.095    0.2265 1  
NOE    600           0.8321   0.04493 1  
R1     500           1.4686    0.0294 1  
NOE    500           0.7482   0.06512 1  

spin     GLY_114
R1     600             0.93     0.044 1  
R2     600           12.844    0.5947 1  
NOE    600           0.7506   0.11301 1  
R1     500            0.897    0.1712 1  
NOE    500            0.977   0.44406 1  

spin     GLN_115
R1     600           1.1071    0.0105 1  
R2     600          14.3691    0.1303 1  
NOE    600           0.8103   0.02903 1  
R1     500           1.3724    0.0166 1  
NOE    500           0.7707   0.04458 1  

spin     ASP_116
R1     600           1.0845    0.0114 1  
R2     600          14.7241    0.1385 1  
NOE    600            0.806   0.02631 1  
R1     500           1.3648    0.0152 1  
NOE    500            0.773   0.04165 1  

spin     GLU_118
R1     600           1.2022    0.0107 1  
R2     600          15.0116     0.131 1  
NOE    600           0.8344   0.02423 1  
R1     500            1.477    0.0128 1  
NOE    500           0.7934    0.0324 1  

spin     ASN_120
R1     600           1.1117    0.0159 1  
R2     600           13.361    0.1735 1  
NOE    600           0.8253   0.03827 1  
R1     500           1.3917    0.0213 1  
NOE    500           0.8151    0.0579 1  

spin     LEU_121
R1     600           1.0571     0.017 1  
R2     600          14.2261    0.2084 1  
NOE    600           0.7502   0.04027 1  
R1     500           1.3041    0.0242 1  
NOE    500           0.7816   0.07124 1  

spin     LEU_122
R1     600           1.1278    0.0113 1  
R2     600          15.3366    0.1445 1  
NOE    600           0.7837   0.02937 1  
R1     500           1.3736    0.0154 1  
NOE    500           0.6531   0.03995 1  

spin     GLY_123
R1     600           1.2277    0.0095 1  
R2     600            11.82    0.0859 1  
NOE    600           0.5768   0.02258 1  
R1     500            1.439    0.0135 1  
NOE    500           0.5859   0.03403 1  

spin     GLY_125
R1     600           1.2338    0.0093 1  
R2     600          10.9973    0.0737 1  
NOE    600           0.6253    0.0217 1  
R1     500             1.46    0.0118 1  
NOE    500           0.5164   0.02875 1  

spin     GLU_127
R1     600           1.1623    0.0069 1  
R2     600          12.2872    0.0703 1  
NOE    600           0.5497    0.0162 1  
R1     500           1.3735    0.0088 1  
NOE    500            0.473    0.0235 1  

spin     LYS_128
R1     600           1.1229    0.0084 1  
R2     600          12.2066    0.0806 1  
NOE    600           0.5073   0.01959 1  
R1     500           1.3534    0.0109 1  
NOE    500           0.4221    0.0277 1  

spin     GLU_130
R1     600            1.142    0.0153 1  
R2     600          13.4862    0.1693 1  
NOE    600           0.6063   0.03567 1  
R1     500           1.3858     0.022 1  
NOE    500           0.5572   0.05203 1  

spin     PHE_131
R1     600           1.1981    0.0194 1  
R2     600          14.8808    0.2073 1  
NOE    600           0.7729   0.04335 1  
R1     500           1.4438     0.026 1  
NOE    500           0.7335   0.06732 1  

spin     GLY_132
R1     600           1.1554    0.0269 1  
R2     600          15.6279    0.3313 1  
NOE    600           0.8806   0.07609 1  
R1     500            1.442    0.0372 1  
NOE    500           0.7023   0.08883 1  

spin     GLU_133
R1     600           1.0502    0.0111 1  
R2     600           14.245    0.1396 1  
NOE    600            0.608   0.02688 1  
R1     500           1.2358    0.0151 1  
NOE    500           0.5872     0.042 1  

spin     TRP_134
R1     600           1.1098    0.0107 1  
R2     600          15.8757    0.1441 1  
NOE    600           0.8346   0.02925 1  
R1     500           1.3793    0.0143 1  
NOE    500           0.7412   0.04075 1  

spin     SER_135
R1     600           1.1226    0.0146 1  
R2     600          15.4784    0.1968 1  
NOE    600           0.8369   0.03934 1  
R1     500           1.3888    0.0213 1  
NOE    500           0.7345   0.05266 1  

spin     VAL_137
R1     600           1.1491    0.0199 1  
R2     600          14.8253    0.2287 1  
NOE    600           0.8897   0.04766 1  
R1     500           1.3813    0.0273 1  
NOE    500           0.8498   0.07623 1  

spin     THR_138
R1     600           1.1878    0.0144 1  
R2     600          14.1007    0.1646 1  
NOE    600           0.9042   0.04198 1  
R1     500           1.4694    0.0211 1  
NOE    500           0.7521   0.05692 1  

spin     GLU_140
R1     600           1.0671      0.01 1  
R2     600          14.6109    0.1327 1  
NOE    600           0.7718    0.0275 1  
R1     500           1.3202    0.0142 1  
NOE    500           0.7834    0.0459 1  

spin     LEU_142
R1     600           1.1494    0.0144 1  
R2     600          15.8374    0.1894 1  
NOE    600           0.8051    0.0347 1  
R1     500           1.4133    0.0197 1  
NOE    500           0.7887   0.05608 1  

spin     ILE_143
R1     600            1.152    0.0162 1  
R2     600          16.1197     0.227 1  
NOE    600           0.8556   0.04364 1  
R1     500           1.4035    0.0239 1  
NOE    500           0.8164   0.06888 1  

spin     THR_146
R1     600           1.1789    0.0144 1  
R2     600          15.0844    0.1785 1  
NOE    600           0.7559   0.03527 1  
R1     500           1.3863    0.0192 1  
NOE    500           0.7927   0.06249 1  

spin     GLU_148
R1     600           1.2044    0.0167 1  
R2     600          15.1812    0.2021 1  
NOE    600           0.7882   0.04294 1  
R1     500           1.5362    0.0278 1  
NOE    500           0.7629    0.0629 1  

spin     PHE_149
R1     600           1.2462    0.0354 1  
R2     600           17.326    0.5129 1  
NOE    600           0.7948   0.08013 1  
R1     500           1.5955    0.0536 1  
NOE    500           0.6139    0.0866 1  

spin     LYS_150
R1     600           1.2141    0.0312 1  
R2     600          18.7451    0.5024 1  
NOE    600           0.9117   0.07615 1  
R1     500           1.5021    0.0439 1  
NOE    500           0.9401   0.12601 1  

spin     LYS_151
R1     600           1.1824    0.0217 1  
R2     600          15.5354    0.2615 1  
NOE    600           0.8231   0.04763 1  
R1     500           1.4373    0.0334 1  
NOE    500           0.7482   0.07176 1  

spin     VAL_153
R1     600           1.1671    0.0207 1  
R2     600           14.783    0.2477 1  
NOE    600           0.7358   0.04837 1  
R1     500            1.399    0.0308 1  
NOE    500           0.6897   0.07389 1  

spin     TYR_154
R1     600           1.1742    0.0254 1  
R2     600          15.7248    0.3007 1  
NOE    600            0.826   0.05994 1  
R1     500           1.4355     0.035 1  
NOE    500           0.6482   0.07107 1  

spin     LYS_155
R1     600           1.1691    0.0153 1  
R2     600          15.7816    0.1924 1  
NOE    600           0.8583   0.04037 1  
R1     500           1.4216    0.0208 1  
NOE    500           0.7732   0.05757 1  

spin     GLU_156
R1     600           1.1657    0.0134 1  
R2     600          15.8415    0.1754 1  
NOE    600           0.8706   0.03669 1  
R1     500           1.4114    0.0189 1  
NOE    500           0.7772   0.05662 1  

spin     VAL_157
R1     600           1.1872    0.0172 1  
R2     600          15.6352    0.2078 1  
NOE    600            0.812   0.04132 1  
R1     500           1.4637    0.0245 1  
NOE    500           0.8154    0.0645 1  

spin     LEU_158
R1     600           1.1689     0.018 1  
R2     600          15.4589    0.2333 1  
NOE    600           0.8446   0.04533 1  
R1     500           1.4487    0.0283 1  
NOE    500           0.8485   0.07585 1  

spin     SER_159
R1     600           1.1222    0.0118 1  
R2     600          14.9468    0.1592 1  
NOE    600           0.8833   0.03568 1  
R1     500           1.3422    0.0172 1  
NOE    500           0.7652    0.0478 1  

spin     VAL_160
R1     600            1.178    0.0145 1  
R2     600          15.2012    0.1857 1  
NOE    600            0.791   0.03543 1  
R1     500           1.4373    0.0219 1  
NOE    500           0.7749   0.05894 1  

spin     PHE_161
R1     600            1.124    0.0136 1  
R2     600          14.7381    0.1784 1  
NOE    600           0.8579   0.03701 1  
R1     500           1.4099    0.0215 1  
NOE    500           0.8951    0.0609 1  

spin     ALA_162
R1     600           1.1027    0.0103 1  
R2     600          14.9986    0.1342 1  
NOE    600           0.8165   0.02511 1  
R1     500            1.352    0.0151 1  
NOE    500           0.8469   0.04292 1  

spin     HIS_164
R1     600           1.0846    0.0113 1  
R2     600          14.5628    0.1487 1  
NOE    600           0.7525   0.02875 1  
R1     500           1.3319    0.0168 1  
NOE    500           0.7541   0.04804 1  

spin     LEU_165
R1     600           1.0998    0.0114 1  
R2     600          13.9679    0.1398 1  
NOE    600           0.7672   0.02951 1  
R1     500            1.339    0.0164 1  
NOE    500           0.7536   0.04542 1  
